IEJ_id	1	2	3
AAMP_22834	3.0	0.0	2.0
AAMP_52943	0.0	2.0	0.0
ABCB10_62754	0.0	0.0	2.0
ABHD5_73546	0.0	0.0	2.0
ACOX1_49806	0.0	2.0	2.0
ACOX1_69837	0.0	0.0	5.0
ACOX1_69839	0.0	0.0	4.0
ACOX1_69840	0.0	0.0	4.0
ACSL5_64849	0.0	0.0	2.0
ACTB_33785	2.0	0.0	0.0
ACTB_59285	0.0	3.0	0.0
ADA2_24889	10.0	0.0	0.0
ADA2_54086	0.0	5.0	0.0
ADA2_72954	0.0	0.0	2.0
ADAL_12617	3.0	0.0	0.0
ADAR_2927	4.0	7.0	0.0
ADAR_2934	8.0	5.0	372.0
ADAR_2942	2.0	0.0	0.0
ADAR_41389	0.0	2.0	0.0
ADAR_63800	0.0	0.0	3.0
ADCY7_14647	3.0	0.0	0.0
ADCY7_14652	3.0	0.0	0.0
ADCY7_68647	0.0	0.0	5.0
ADGRE5_70731	0.0	0.0	12.0
ADPGK_13181	2.0	0.0	0.0
ADPGK_13182	2.0	0.0	0.0
ADPGK_13190	125.0	162.0	0.0
ADPGK_47396	0.0	8.0	0.0
ADPGK_47403	0.0	2.0	2.0
ADPGK_68023	0.0	0.0	149.0
ADPGK_68025	0.0	0.0	2.0
AEN_68135	0.0	0.0	2.0
AFG3L2_50088	0.0	2.0	0.0
AFTPH-DT_21291	2.0	0.0	3.0
AFTPH-DT_71348	0.0	0.0	2.0
AGTPBP1_37342	15.0	10.0	9.0
AGTPBP1_37344	8.0	0.0	0.0
AGTPBP1_37351	2.0	0.0	0.0
AGTPBP1_61258	0.0	2.0	0.0
AGTPBP1_61259	0.0	3.0	0.0
AGTPBP1_61262	0.0	3.0	2.0
AHR_33842	9.0	9.0	4.0
AHR_59315	0.0	2.0	0.0
AK3_78014	0.0	0.0	2.0
AKNA_37732	3.0	8.0	7.0
AKNA_37736	3.0	2.0	0.0
AKNA_37741	3.0	6.0	3.0
AKNA_37742	2.0	0.0	0.0
AKNA_61488	0.0	2.0	0.0
AKNA_61491	0.0	2.0	2.0
AKNA_61495	0.0	2.0	3.0
AKNA_61499	0.0	2.0	0.0
AKNA_78378	0.0	0.0	2.0
AKT2_20449	3.0	2.0	2.0
AKT2_70972	0.0	0.0	2.0
ALAD_37712	2.0	0.0	0.0
ALDOA_14455	4.0	0.0	0.0
ALDOA_48082	0.0	2.0	0.0
ALKBH5_48991	0.0	6.0	3.0
ANAPC16_42349	0.0	4.0	0.0
ANAPC16_4684	3.0	2.0	0.0
ANAPC1_21825	2.0	0.0	0.0
ANAPC1_71575	0.0	0.0	4.0
ANAPC1_71584	0.0	0.0	2.0
ANKFY1_15584	2.0	0.0	2.0
ANKFY1_48750	0.0	4.0	5.0
ANKLE2_66676	0.0	0.0	56.0
ANKLE2_66679	0.0	0.0	2.0
ANKRD28_26114	2.0	0.0	0.0
ANKRD28_26115	32.0	2.0	0.0
ANKRD28_54797	0.0	4.0	0.0
ANKRD28_54799	0.0	2.0	0.0
ANKZF1_52981	0.0	2.0	0.0
ANO9_64942	0.0	0.0	2.0
ANXA11_4846	2.0	0.0	0.0
ANXA11_64581	0.0	0.0	2.0
ANXA7_4737	3.0	0.0	0.0
AP1B1_25185	6.0	6.0	0.0
AP1B1_54263	0.0	40.0	36.0
AP1B1_54266	0.0	2.0	0.0
AP1B1_73063	0.0	0.0	3.0
AP1B1_73064	0.0	0.0	4.0
AP2A2_42876	0.0	2.0	0.0
AP3M1_42406	0.0	2.0	0.0
AP3S2_13523	6.0	0.0	13.0
AP3S2_47599	0.0	2.0	0.0
AP5M1_11392	3.0	2.0	0.0
AP5Z1_33765	2.0	0.0	0.0
AP5Z1_33768	3.0	0.0	0.0
APAF1_9271	3.0	0.0	0.0
APOBEC3C_54461	0.0	2.0	0.0
APOBEC3C_54462	0.0	2.0	0.0
APOBEC3D_25528	2.0	0.0	0.0
APOBEC3D_54464	0.0	7.0	2.0
APOBEC3F_54467	0.0	5.0	2.0
APOBEC3F_73200	0.0	0.0	2.0
APOBEC3F_73202	0.0	0.0	2.0
APOBEC3G_25541	4.0	0.0	0.0
APOL1_25357	2.0	0.0	0.0
APOL1_25358	126.0	153.0	38.0
APOL1_25359	5.0	0.0	0.0
APOL1_25360	4.0	0.0	5.0
APOL1_25361	8.0	2.0	0.0
APOL1_25363	4.0	0.0	0.0
APOL1_54350	0.0	2.0	0.0
APOL1_54352	0.0	3.0	0.0
APOL1_73127	0.0	0.0	2.0
APOL6_54347	0.0	2.0	0.0
ARAP1_43645	0.0	2.0	0.0
ARF3_44493	0.0	3.0	0.0
ARF3_44499	0.0	2.0	0.0
ARF3_8455	2.0	8.0	7.0
ARHGAP19_42572	0.0	6.0	0.0
ARHGAP30_3322	3.0	2.0	0.0
ARHGAP30_3323	2.0	0.0	0.0
ARHGAP30_3325	2.0	0.0	0.0
ARHGAP30_41589	0.0	2.0	0.0
ARHGAP30_41591	0.0	3.0	0.0
ARHGAP30_41592	0.0	2.0	0.0
ARHGAP5_46123	0.0	5.0	0.0
ARHGDIA_49968	0.0	2.0	0.0
ARHGDIA_49969	0.0	2.0	0.0
ARHGDIA_49972	0.0	2.0	0.0
ARHGDIA_49973	0.0	3.0	0.0
ARHGEF18_51178	0.0	2.0	0.0
ARHGEF3_73738	0.0	0.0	194.0
ARHGEF6_39513	7.0	13.0	7.0
ARHGEF6_39515	2.0	0.0	0.0
ARHGEF7_67054	0.0	0.0	2.0
ARHGEF9_62182	0.0	2.0	0.0
ARID3B_13223	2.0	0.0	0.0
ARID5A_21677	2.0	0.0	0.0
ARL17A_69568	0.0	0.0	4.0
ARL17B_16867	2.0	0.0	0.0
ARMCX5_62314	0.0	2.0	0.0
ARNTL2_44361	0.0	2.0	0.0
ARNTL2_44362	0.0	6.0	0.0
ARNTL2_65957	0.0	0.0	4.0
ARNTL2_65958	0.0	0.0	2.0
ARNT_63703	0.0	0.0	2.0
ARPP19_67890	0.0	0.0	3.0
ASB1_23241	9.0	0.0	0.0
ASB7_47681	0.0	2.0	0.0
ASB7_68250	0.0	0.0	2.0
ASMTL_78671	0.0	0.0	2.0
ATAD1_64608	0.0	0.0	3.0
ATF7IP_44279	0.0	7.0	0.0
ATF7IP_65898	0.0	0.0	3.0
ATF7IP_65900	0.0	0.0	7.0
ATF7IP_65903	0.0	0.0	2.0
ATF7IP_65905	0.0	0.0	2.0
ATF7IP_65907	0.0	0.0	2.0
ATF7IP_8096	2.0	0.0	0.0
ATF7IP_8100	2.0	0.0	0.0
ATF7IP_8104	2.0	0.0	0.0
ATF7IP_8108	2.0	0.0	0.0
ATF7IP_8109	8.0	0.0	10.0
ATF7IP_8110	2.0	0.0	0.0
ATF7_66148	0.0	0.0	2.0
ATG12_57501	0.0	2.0	0.0
ATG13_6224	6.0	4.0	4.0
ATG13_65206	0.0	0.0	2.0
ATG14_46227	0.0	2.0	0.0
ATG14_67304	0.0	0.0	2.0
ATG14_67306	0.0	0.0	2.0
ATL3_43416	0.0	2.0	0.0
ATL3_65337	0.0	0.0	2.0
ATM_65620	0.0	0.0	2.0
ATP11C_62481	0.0	2.0	0.0
ATP11C_79106	0.0	0.0	31.0
ATP5F1A_50205	0.0	2.0	2.0
ATP6V0A1_49328	0.0	2.0	0.0
ATP6V0A2_45349	0.0	2.0	0.0
ATP6V1E2_21064	2.0	0.0	0.0
ATP8A1_28732	2.0	0.0	0.0
ATP8A1_28733	6.0	11.0	2.0
ATXN1_75969	0.0	0.0	3.0
B2M_12683	4.0	2.0	0.0
B3GALNT2_468	3.0	0.0	0.0
B3GALNT2_62783	0.0	0.0	4.0
B4GALT1_61062	0.0	2.0	0.0
B4GALT1_61066	0.0	2.0	0.0
B4GALT1_61071	0.0	2.0	0.0
B4GALT1_78088	0.0	0.0	2.0
B4GALT2_63156	0.0	0.0	2.0
B4GALT3_3359	3.0	0.0	3.0
BAG6_32229	2.0	0.0	0.0
BAK1_58492	0.0	2.0	0.0
BAZ2A_8814	17.0	0.0	0.0
BCAT1_44318	0.0	2.0	0.0
BCKDHA_18408	3.0	0.0	0.0
BIRC2_7389	2.0	2.0	4.0
BIRC3_65593	0.0	0.0	4.0
BIRC3_65594	0.0	0.0	2.0
BIRC5_49898	0.0	4.0	2.0
BIRC5_69891	0.0	0.0	2.0
BMPR1A_64588	0.0	0.0	2.0
BMPR2_72040	0.0	0.0	2.0
BNIP3L_35653	2.0	0.0	0.0
BRD4_70740	0.0	0.0	4.0
BSG_50999	0.0	4.0	0.0
BZW1_72024	0.0	0.0	2.0
C11orf24_6960	3.0	0.0	0.0
C11orf58_5977	2.0	3.0	3.0
C11orf58_5980	3.0	0.0	0.0
C15orf39_13274	2.0	4.0	2.0
C15orf39_47446	0.0	2.0	0.0
C16orf87_14608	2.0	0.0	8.0
C16orf87_48178	0.0	3.0	0.0
C16orf87_68620	0.0	0.0	2.0
C16orf87_68621	0.0	0.0	2.0
C5orf24_57638	0.0	2.0	0.0
C6orf120_33638	2.0	0.0	0.0
C6orf120_33640	2.0	0.0	0.0
C6orf120_59212	0.0	2.0	0.0
C6orf120_59213	0.0	2.0	2.0
C7orf50_33711	3.0	3.0	0.0
C8orf33_36782	2.0	0.0	0.0
C9orf78_38103	2.0	0.0	0.0
CAD_71120	0.0	0.0	2.0
CAD_71121	0.0	0.0	3.0
CALM3_50712	0.0	3.0	0.0
CALM3_70333	0.0	0.0	2.0
CAMK4_30559	3.0	0.0	0.0
CAMKK1_48743	0.0	2.0	0.0
CAMTA2_69074	0.0	0.0	3.0
CANX_58026	0.0	2.0	0.0
CAP1_40413	0.0	2.0	2.0
CAPN7_73442	0.0	0.0	2.0
CAPRIN1_43143	0.0	2.0	0.0
CAPRIN1_43147	0.0	3.0	4.0
CAPRIN1_65144	0.0	0.0	2.0
CAPZA1_2358	7.0	6.0	7.0
CASC3_49272	0.0	3.0	2.0
CASKIN2_49776	0.0	2.0	0.0
CBFA2T3_15393	2.0	4.0	2.0
CBFA2T3_15394	2.0	0.0	0.0
CBX5_44619	0.0	5.0	2.0
CBX5_66192	0.0	0.0	38.0
CBX5_66193	0.0	0.0	2.0
CBX5_8742	2.0	0.0	8.0
CBX5_8743	8.0	13.0	0.0
CBX5_8744	2.0	0.0	5.0
CBX5_8745	3.0	0.0	0.0
CBX5_8749	6.0	0.0	0.0
CBX6_25519	2.0	0.0	0.0
CBX6_73198	0.0	0.0	3.0
CCAR2_35595	4.0	2.0	4.0
CCAR2_60297	0.0	2.0	0.0
CCDC69_75722	0.0	0.0	3.0
CCL22_14799	4.0	0.0	0.0
CCL22_14800	2.0	0.0	0.0
CCL22_14802	4.0	5.0	0.0
CCL22_14803	9.0	8.0	5.0
CCL22_48341	0.0	2.0	0.0
CCL22_48343	0.0	3.0	0.0
CCND2_44123	0.0	6.0	0.0
CCND2_44124	0.0	2.0	0.0
CCND2_65844	0.0	0.0	2.0
CCNK_67614	0.0	0.0	2.0
CCR7_16569	12.0	4.0	2.0
CD101_41147	0.0	2.0	0.0
CD109_32905	9.0	9.0	0.0
CD22_50490	0.0	2.0	0.0
CD22_50505	0.0	2.0	0.0
CD28_22736	2.0	0.0	0.0
CD38_28545	2.0	4.0	0.0
CD38_56225	0.0	4.0	0.0
CD44_6139	2.0	0.0	0.0
CD44_65158	0.0	0.0	2.0
CD44_65160	0.0	0.0	3.0
CD74_31159	2.0	0.0	0.0
CDC25B_23461	5.0	4.0	0.0
CDC25B_53315	0.0	2.0	0.0
CDC27_16903	2.0	0.0	0.0
CDC40_33180	2.0	3.0	5.0
CDC42SE2_30708	2.0	0.0	0.0
CDC42SE2_30715	2.0	0.0	0.0
CDC7_63439	0.0	0.0	9.0
CDCA3_44176	0.0	2.0	0.0
CDK6_77114	0.0	0.0	2.0
CDK8_45497	0.0	2.0	0.0
CEBPG_70871	0.0	0.0	2.0
CEBPZOS_51806	0.0	2.0	0.0
CELF2_64250	0.0	0.0	2.0
CENPN_15217	3.0	0.0	0.0
CENPN_15218	2.0	0.0	0.0
CENPN_48578	0.0	7.0	0.0
CENPN_48580	0.0	2.0	0.0
CENPN_68895	0.0	0.0	2.0
CENPN_68896	0.0	0.0	2.0
CEP192_17964	2.0	0.0	0.0
CEP192_50099	0.0	2.0	0.0
CEP19_28253	3.0	0.0	0.0
CEP250_72520	0.0	0.0	2.0
CEP44_75049	0.0	0.0	3.0
CEP97_55357	0.0	2.0	0.0
CEP97_73831	0.0	0.0	2.0
CFAP418_36271	6.0	0.0	0.0
CFAP418_60629	0.0	5.0	0.0
CFAP418_77780	0.0	0.0	2.0
CFL1_6805	3.0	0.0	0.0
CFLAR_52875	0.0	2.0	0.0
CFLAR_72027	0.0	0.0	2.0
CGAS_32886	2.0	0.0	0.0
CGAS_58742	0.0	2.0	0.0
CHERP_70751	0.0	0.0	3.0
CHMP1A_15419	2.0	3.0	0.0
CHPF2_35277	2.0	0.0	0.0
CHPF2_35284	2.0	0.0	0.0
CHRNA6_60438	0.0	3.0	12.0
CHROMR_52728	0.0	3.0	0.0
CHTF8_15027	2.0	7.0	4.0
CHTF8_15034	16.0	26.0	22.0
CHTF8_48468	0.0	2.0	0.0
CHTF8_48469	0.0	2.0	0.0
CIITA_14033	2.0	0.0	3.0
CIITA_47836	0.0	2.0	0.0
CLEC16A_14051	2.0	0.0	0.0
CLEC16A_14055	7.0	3.0	5.0
CLEC16A_47858	0.0	3.0	10.0
CLEC16A_68426	0.0	0.0	2.0
CLINT1_31329	2.0	0.0	0.0
CLPX_13027	2.0	0.0	4.0
CLPX_13033	6.0	8.0	0.0
CLPX_47306	0.0	4.0	0.0
CLPX_67974	0.0	0.0	2.0
CLPX_67976	0.0	0.0	7.0
CLTC_17160	2.0	0.0	0.0
CNN2P9_33185	3.0	0.0	2.0
CNOT1_48362	0.0	3.0	0.0
CNOT1_68728	0.0	0.0	2.0
CNOT1_68737	0.0	0.0	3.0
CNOT4_35094	4.0	4.0	0.0
CNOT4_77316	0.0	0.0	5.0
CNOT4_77321	0.0	0.0	2.0
CNR2_40129	0.0	2.0	0.0
COL5A1_61752	0.0	2.0	0.0
COMMD2_27667	2.0	0.0	0.0
COPA_3258	2.0	0.0	0.0
COPA_63900	0.0	0.0	2.0
COPB2_74058	0.0	0.0	2.0
COPB2_74065	0.0	0.0	2.0
COPE_51518	0.0	4.0	0.0
CORO1A_48101	0.0	2.0	0.0
CORO7_68363	0.0	0.0	3.0
COX18_56428	0.0	2.0	0.0
CPNE5_58555	0.0	2.0	0.0
CPSF1_60889	0.0	2.0	0.0
CPSF6_9037	2.0	3.0	0.0
CPT1A_7014	2.0	0.0	0.0
CR2_39777	0.0	2.0	0.0
CR2_39779	0.0	4.0	0.0
CR2_62630	0.0	0.0	3.0
CR2_76	2.0	0.0	0.0
CRCP_34332	2.0	0.0	0.0
CRCP_59594	0.0	3.0	0.0
CRCP_76974	0.0	0.0	2.0
CRCP_76975	0.0	0.0	2.0
CREBRF_57934	0.0	2.0	0.0
CREBRF_75820	0.0	0.0	2.0
CRELD1_54734	0.0	2.0	0.0
CRKL_24994	20.0	0.0	3.0
CRKL_54142	0.0	2.0	0.0
CRYBG1_58886	0.0	2.0	0.0
CSF2RB_25413	2.0	9.0	0.0
CSF2RB_54408	0.0	2.0	0.0
CSF2RB_54409	0.0	2.0	0.0
CSNK1A1_31125	9.0	6.0	14.0
CSNK1A1_57767	0.0	5.0	0.0
CSNK2A1_72370	0.0	0.0	2.0
CSTF2T_4533	2.0	0.0	2.0
CS_44696	0.0	2.0	0.0
CTPS2_38529	2.0	0.0	0.0
CTSB_35471	3.0	0.0	0.0
CTSB_35472	2.0	0.0	2.0
CUL9_76274	0.0	0.0	2.0
CUL9_76278	0.0	0.0	5.0
CUTALP_78407	0.0	0.0	2.0
CXCR3_39076	5.0	2.0	5.0
CYBC1_49993	0.0	2.0	0.0
CYBC1_70006	0.0	0.0	2.0
CYCS_76838	0.0	0.0	4.0
CYCS_76839	0.0	0.0	4.0
CYFIP1_46878	0.0	3.0	0.0
DAG1_73659	0.0	0.0	2.0
DBNL_59471	0.0	3.0	2.0
DCAF17_52641	0.0	3.0	0.0
DCAF1_26735	7.0	3.0	0.0
DCAF1_26737	2.0	0.0	0.0
DCAF1_26743	2.0	5.0	0.0
DCAF1_55184	0.0	2.0	0.0
DCAF1_55186	0.0	2.0	0.0
DCAF5_46387	0.0	105.0	69.0
DCAF6_41646	0.0	2.0	0.0
DCAF6_41648	0.0	2.0	0.0
DCAF8_63888	0.0	0.0	2.0
DCBLD2_73814	0.0	0.0	8.0
DCLRE1A_42757	0.0	3.0	0.0
DCP2_75514	0.0	0.0	2.0
DCTN1_21442	2.0	0.0	0.0
DCTN1_21445	6.0	0.0	2.0
DCTN1_21446	2.0	0.0	0.0
DCTN1_52140	0.0	3.0	0.0
DCTN5_14282	3.0	4.0	0.0
DCTN5_14283	2.0	2.0	2.0
DDHD1_67291	0.0	0.0	2.0
DDR1_32118	2.0	0.0	0.0
DDR1_76049	0.0	0.0	2.0
DDX11_44389	0.0	5.0	3.0
DDX12P_44232	0.0	2.0	0.0
DDX12P_44233	0.0	2.0	0.0
DDX17_25498	4.0	3.0	3.0
DDX39A_19809	2.0	0.0	0.0
DDX52_69382	0.0	0.0	2.0
DENND3_36636	2.0	0.0	0.0
DENND6A_26873	3.0	5.0	0.0
DENND6A_26874	2.0	3.0	0.0
DENND6A_26875	16.0	9.0	0.0
DENND6A_26876	3.0	0.0	2.0
DENND6A_73747	0.0	0.0	2.0
DESI1_25642	4.0	0.0	7.0
DESI1_25643	2.0	0.0	0.0
DESI1_54529	0.0	3.0	0.0
DGCR2_54104	0.0	3.0	0.0
DGLUCY_11929	2.0	0.0	0.0
DHFRP2_58346	0.0	2.0	0.0
DHX15_28571	10.0	8.0	6.0
DHX16_58319	0.0	8.0	2.0
DHX57_20978	6.0	0.0	2.0
DIP2A_24866	2.0	0.0	0.0
DIPK2A_74100	0.0	0.0	4.0
DNAJA2_14613	5.0	4.0	2.0
DNAJA3_13936	18.0	0.0	0.0
DNAJA3_68367	0.0	0.0	7.0
DOCK2_75801	0.0	0.0	2.0
DOT1L_19235	5.0	14.0	6.0
DPF2_65397	0.0	0.0	2.0
DTL_196	4.0	0.0	0.0
DTL_39818	0.0	11.0	13.0
DTWD2_30618	2.0	4.0	2.0
DTWD2_57507	0.0	3.0	4.0
DTWD2_57508	0.0	2.0	0.0
DTWD2_75525	0.0	0.0	2.0
DUSP28_53202	0.0	2.0	0.0
DUSP28_72307	0.0	0.0	2.0
DUSP4_35752	2.0	355.0	0.0
DUSP4_77590	0.0	0.0	3.0
DUX4L50_37226	2.0	0.0	0.0
DUX4L50_78174	0.0	0.0	2.0
DYNC1LI2_48388	0.0	2.0	0.0
E2F3_75983	0.0	0.0	2.0
E2F7_66311	0.0	0.0	2.0
E4F1_68317	0.0	0.0	2.0
EDC3_68043	0.0	0.0	2.0
EDC4_14958	2.0	0.0	0.0
EDC4_48423	0.0	2.0	0.0
EDC4_48429	0.0	3.0	0.0
EDEM1_25930	5.0	7.0	0.0
EEF1A1_32894	3.0	0.0	0.0
EEF1A1_32899	16.0	0.0	0.0
EEF1G_6564	2.0	0.0	0.0
EEF2K_14249	21.0	16.0	9.0
EEF2K_47971	0.0	4.0	0.0
EEF2K_47972	0.0	85.0	90.0
EEF2K_47973	0.0	2.0	0.0
EEF2K_47974	0.0	2.0	0.0
EEF2K_68509	0.0	0.0	3.0
EEF2_19297	2.0	0.0	0.0
EEF2_51100	0.0	40.0	0.0
EFCAB11_46590	0.0	2.0	0.0
EFCAB14_40567	0.0	154.0	0.0
EHBP1_71334	0.0	0.0	4.0
EHD1_65361	0.0	0.0	4.0
EHD1_65362	0.0	0.0	2.0
EHD4_12563	3.0	0.0	0.0
EHMT1_61819	0.0	2.0	0.0
EIF1AD_6816	7.0	0.0	0.0
EIF2AK2_20939	42.0	0.0	0.0
EIF2AK2_51803	0.0	2.0	0.0
EIF2AK2_71193	0.0	0.0	2.0
EIF2S1_46366	0.0	4.0	0.0
EIF3L_25476	2.0	0.0	0.0
EIF4E2_72248	0.0	0.0	3.0
EIF4E2_72250	0.0	0.0	2.0
EIF4G1_55903	0.0	7.0	11.0
EIF4G1_74291	0.0	0.0	2.0
EIF4G1_74294	0.0	0.0	2.0
EIF4G2_43007	0.0	3.0	0.0
EIF4G2_5923	3.0	0.0	0.0
EIF5A_69117	0.0	0.0	2.0
ELAC2_15947	3.0	0.0	0.0
ELAC2_15950	3.0	0.0	0.0
ELAC2_69198	0.0	0.0	3.0
ELAC2_69200	0.0	0.0	2.0
ELL_51510	0.0	2.0	0.0
ELP1_37628	2.0	0.0	0.0
EMC1_62838	0.0	0.0	2.0
EMC1_62840	0.0	0.0	2.0
EME1_49530	0.0	2.0	0.0
ENSG00000183889_47932	0.0	2.0	0.0
ENSG00000212978_21216	2.0	0.0	0.0
ENSG00000212978_71310	0.0	0.0	2.0
ENSG00000228506_58860	0.0	2.0	0.0
ENSG00000236941_29575	15.0	40.0	61.0
ENSG00000236941_56863	0.0	3.0	0.0
ENSG00000249738_31346	3.0	0.0	0.0
ENSG00000249738_31348	4.0	0.0	0.0
ENSG00000258072_66459	0.0	0.0	2.0
ENSG00000258072_9412	5.0	0.0	6.0
ENSG00000259768_15159	2.0	0.0	7.0
ENSG00000259768_15160	2.0	0.0	11.0
ENSG00000259768_15161	3.0	0.0	2.0
ENSG00000259768_15162	4.0	0.0	2.0
ENSG00000259768_68872	0.0	0.0	6.0
ENSG00000259768_68873	0.0	0.0	2.0
ENSG00000259768_68876	0.0	0.0	2.0
ENSG00000260611_68615	0.0	0.0	2.0
ENSG00000267257_18283	4.0	10.0	3.0
ENSG00000268858_24373	3.0	0.0	0.0
ENSG00000268858_24374	13.0	9.0	7.0
ENSG00000268858_53807	0.0	3.0	0.0
ENSG00000268858_72756	0.0	0.0	3.0
ENSG00000269001_18891	2.0	0.0	0.0
ENSG00000272456_60818	0.0	6.0	4.0
ENSG00000272825_54047	0.0	3.0	0.0
ENSG00000273004_3720	3.0	4.0	0.0
ENSG00000273162_64753	0.0	0.0	2.0
ENSG00000273329_77306	0.0	0.0	2.0
ENSG00000275160_78171	0.0	0.0	2.0
ENSG00000276957_45848	0.0	2.0	0.0
ENSG00000277218_5582	2.0	0.0	0.0
ENSG00000279088_4747	2.0	2.0	0.0
ENSG00000279855_31044	2.0	0.0	0.0
ENSG00000279965_67032	0.0	0.0	6.0
ENSG00000279965_67033	0.0	0.0	4.0
ENSG00000280388_77039	0.0	0.0	2.0
ENSG00000287797_2106	2.0	0.0	0.0
ENSG00000289594_67020	0.0	0.0	3.0
ENTPD1_5032	2.0	2.0	0.0
EPB41L2_59005	0.0	2.0	0.0
ERAP1_30469	3.0	5.0	3.0
ERAP1_30474	84.0	113.0	144.0
ERAP1_57429	0.0	2.0	0.0
ERAP1_75445	0.0	0.0	2.0
ERAP1_75448	0.0	0.0	3.0
ERAP1_75449	0.0	0.0	2.0
ERAP1_75450	0.0	0.0	2.0
ESYT1_44679	0.0	4.0	0.0
ESYT1_66153	0.0	0.0	2.0
EVL_46712	0.0	3.0	0.0
EXOC2_31709	14.0	29.0	19.0
EXOC2_31714	2.0	0.0	0.0
EXOC7_69844	0.0	0.0	2.0
EXOSC10_63956	0.0	0.0	3.0
FAF2_31500	2.0	2.0	2.0
FAF2_75830	0.0	0.0	2.0
FAM111A_43339	0.0	2.0	0.0
FAM172BP_27038	2.0	5.0	3.0
FAM172BP_55347	0.0	5.0	0.0
FAM187B2P_20231	2.0	0.0	0.0
FAM199X_39247	2.0	6.0	4.0
FAM215A_16754	2.0	0.0	0.0
FAM215A_49390	0.0	2.0	0.0
FAM27B_61191	0.0	2.0	0.0
FAM30A_46774	0.0	2.0	0.0
FAM53B_5554	2.0	0.0	0.0
FAM53C_57666	0.0	4.0	6.0
FAM98B_46961	0.0	4.0	0.0
FANCA_15436	2.0	4.0	0.0
FANCA_48671	0.0	6.0	0.0
FARP2_53257	0.0	2.0	4.0
FARP2_72351	0.0	0.0	2.0
FASN_49978	0.0	2.0	0.0
FASN_69991	0.0	0.0	2.0
FASN_69992	0.0	0.0	2.0
FASN_69994	0.0	0.0	2.0
FBXL4_58856	0.0	2.0	0.0
FBXO11_21099	2.0	0.0	0.0
FBXO28_299	2.0	0.0	0.0
FBXW5_38308	5.0	5.0	5.0
FCF1_46520	0.0	2.0	0.0
FCF1_67492	0.0	0.0	3.0
FCF1_67493	0.0	0.0	2.0
FCRL5_41518	0.0	2.0	0.0
FEM1C_57498	0.0	2.0	0.0
FERMT3_6635	7.0	0.0	6.0
FGD5-AS1_26085	3.0	0.0	0.0
FGD5-AS1_54781	0.0	3.0	0.0
FGD5-AS1_54782	0.0	2.0	0.0
FGD5-AS1_54783	0.0	3.0	0.0
FGD5-AS1_73435	0.0	0.0	2.0
FGD5-AS1_73436	0.0	0.0	2.0
FGD5-AS1_73437	0.0	0.0	10.0
FGR_40212	0.0	2.0	0.0
FHOD1_14922	2.0	3.0	5.0
FIGNL1_59548	0.0	2.0	0.0
FKBP5_58526	0.0	2.0	0.0
FLNA_39622	20.0	0.0	0.0
FLNA_39623	29.0	0.0	39.0
FLNA_39629	2.0	0.0	0.0
FLNA_62520	0.0	3.0	0.0
FLNA_62522	0.0	2.0	0.0
FLNA_62530	0.0	72.0	470.0
FLNA_62532	0.0	74.0	0.0
FLNA_62539	0.0	2.0	0.0
FLNA_62540	0.0	3.0	0.0
FLNA_62545	0.0	2.0	0.0
FLNA_62547	0.0	2.0	0.0
FLNA_79136	0.0	0.0	2.0
FOXJ2_65878	0.0	0.0	2.0
FOXJ2_8015	2.0	0.0	0.0
FOXJ3_1314	2.0	0.0	0.0
FOXRED2_25400	2.0	0.0	0.0
FOXRED2_25401	19.0	28.0	11.0
FOXRED2_25404	2.0	0.0	0.0
FOXRED2_54400	0.0	9.0	4.0
FOXRED2_54401	0.0	3.0	2.0
FOXRED2_54403	0.0	2.0	0.0
FOXRED2_73165	0.0	0.0	4.0
FOXRED2_73167	0.0	0.0	13.0
FOXRED2_73168	0.0	0.0	2.0
FOXRED2_73169	0.0	0.0	3.0
FOXRED2_73170	0.0	0.0	6.0
FRK_33218	4.0	0.0	0.0
FSCN1_76752	0.0	0.0	2.0
FTL_18700	3.0	2.0	0.0
FYTTD1_74467	0.0	0.0	2.0
FYTTD1_74473	0.0	0.0	2.0
G3BP1_75731	0.0	0.0	3.0
GAK_56093	0.0	2.0	0.0
GAK_56094	0.0	2.0	0.0
GAK_56097	0.0	2.0	0.0
GAK_74500	0.0	0.0	3.0
GALNT2_39972	0.0	2.0	0.0
GALNT2_408	2.0	0.0	0.0
GAPDH_7898	4.0	0.0	0.0
GAS5_64007	0.0	0.0	2.0
GATC_9737	2.0	0.0	0.0
GCC1_34952	2.0	0.0	0.0
GCN1_66572	0.0	0.0	2.0
GEMIN2_46146	0.0	2.0	0.0
GFPT1_21346	22.0	0.0	0.0
GFPT1_21347	9.0	8.0	10.0
GFPT1_52055	0.0	2.0	0.0
GGA2_14269	2.0	0.0	0.0
GGA2_68517	0.0	0.0	20.0
GGA2_68519	0.0	0.0	2.0
GGA2_68520	0.0	0.0	26.0
GID8_24321	3.0	8.0	0.0
GIT2_9497	2.0	0.0	0.0
GLTP_45137	0.0	2.0	0.0
GLYR1_47807	0.0	2.0	0.0
GM2A_31229	3.0	0.0	0.0
GM2A_31230	2.0	0.0	0.0
GM2A_31232	2.0	0.0	0.0
GMEB1_40246	0.0	2.0	0.0
GMIP_50376	0.0	3.0	0.0
GNAS_53745	0.0	11.0	0.0
GNB1_1204	8.0	0.0	0.0
GNB1_40419	0.0	3.0	0.0
GNB4_27924	2.0	0.0	0.0
GNB4_27925	2.0	0.0	0.0
GNB4_74243	0.0	0.0	8.0
GNE_61138	0.0	2.0	0.0
GNG7_19256	2.0	0.0	0.0
GNG7_19259	2.0	0.0	0.0
GNG7_70561	0.0	0.0	2.0
GNPNAT1_67287	0.0	0.0	2.0
GNPNAT1_67288	0.0	0.0	6.0
GPAA1_36707	2.0	0.0	0.0
GPALPP1_45639	0.0	2.0	0.0
GPALPP1_45642	0.0	4.0	0.0
GPBP1L1_1472	2.0	0.0	0.0
GPC4_62442	0.0	11.0	0.0
GPER1_76726	0.0	0.0	2.0
GPI_50443	0.0	4.0	0.0
GPR107_38126	2.0	0.0	0.0
GPR107_38129	2.0	0.0	0.0
GPR108_51168	0.0	2.0	0.0
GPR157_2664	2.0	0.0	0.0
GPR15_26987	3.0	0.0	51.0
GPR55_72214	0.0	0.0	2.0
GPR89B_2590	3.0	0.0	0.0
GRAMD4_25780	3.0	0.0	0.0
GRAP2_73216	0.0	0.0	3.0
GRAP2_73217	0.0	0.0	8.0
GRSF1_28900	2.0	3.0	0.0
GSE1_15318	2.0	0.0	0.0
GSN_61551	0.0	5.0	0.0
GTF2H3_66642	0.0	0.0	2.0
GTF2H3_66644	0.0	0.0	2.0
GTF3C2_20774	2.0	0.0	0.0
GUSB_59592	0.0	2.0	0.0
H2BC12_31991	81.0	23.0	46.0
H3C6_58216	0.0	4.0	9.0
HASPIN_15565	3.0	0.0	0.0
HASPIN_48739	0.0	7.0	5.0
HAT1_22347	2.0	0.0	0.0
HAVCR2_57858	0.0	2.0	0.0
HCFC1_39615	5.0	0.0	2.0
HCFC1_62518	0.0	3.0	0.0
HCFC1_79130	0.0	0.0	2.0
HDAC5_69523	0.0	0.0	2.0
HDAC9_59325	0.0	2.0	0.0
HDHD2_70187	0.0	0.0	5.0
HEATR1_62795	0.0	0.0	2.0
HEATR3_48203	0.0	3.0	0.0
HEATR3_48204	0.0	2.0	0.0
HEATR6_49605	0.0	2.0	0.0
HELZ2_72747	0.0	0.0	2.0
HELZ_17304	2.0	0.0	0.0
HELZ_69757	0.0	0.0	2.0
HERC2P2_46854	0.0	2.0	0.0
HERC2P2_46855	0.0	2.0	0.0
HERC2P2_46856	0.0	3.0	0.0
HERC2P9_67712	0.0	0.0	4.0
HERC3_74807	0.0	0.0	2.0
HEXIM1_49427	0.0	2.0	0.0
HIBADH_59396	0.0	2.0	0.0
HIF1A_11473	7.0	16.0	11.0
HIPK1_63582	0.0	0.0	3.0
HK1_42321	0.0	2.0	0.0
HK1_42324	0.0	4.0	0.0
HK2_52159	0.0	2.0	0.0
HLA-B_76058	0.0	0.0	3.0
HLA-C_32147	3.0	2.0	0.0
HLA-DOA_76161	0.0	0.0	5.0
HMGB1_66795	0.0	0.0	3.0
HMGN2_818	2.0	0.0	0.0
HNRNPA2B1_33947	5.0	0.0	0.0
HNRNPA2B1_33949	3.0	0.0	0.0
HNRNPA2B1_33950	7.0	0.0	0.0
HNRNPA2B1_59385	0.0	3.0	0.0
HNRNPA2B1_59391	0.0	6.0	0.0
HNRNPA2B1_76848	0.0	0.0	2.0
HNRNPC_10869	2.0	0.0	0.0
HNRNPC_45986	0.0	2.0	3.0
HNRNPC_45990	0.0	6.0	0.0
HNRNPC_45994	0.0	2.0	0.0
HNRNPK_78211	0.0	0.0	2.0
HNRNPU_520	44.0	322.0	2.0
HPS1_64722	0.0	0.0	2.0
HPS3_55718	0.0	8.0	11.0
HS2ST1_63417	0.0	0.0	9.0
HSD17B1-AS1_69465	0.0	0.0	4.0
HSP90AB1_32750	2.0	0.0	0.0
HSPH1_66796	0.0	0.0	2.0
HSPH1_66797	0.0	0.0	2.0
HTT_56164	0.0	4.0	0.0
HTT_74535	0.0	0.0	2.0
HYOU1_43952	0.0	2.0	0.0
HYOU1_65709	0.0	0.0	2.0
HYOU1_65712	0.0	0.0	2.0
HYOU1_65713	0.0	0.0	2.0
HYOU1_65716	0.0	0.0	2.0
HYOU1_65719	0.0	0.0	3.0
HYOU1_65720	0.0	0.0	3.0
HYOU1_65722	0.0	0.0	8.0
IARS1_37442	3.0	0.0	0.0
IARS1_37451	4.0	3.0	0.0
IARS1_37454	2.0	0.0	0.0
IBTK_58784	0.0	3.0	0.0
ICAM3_19575	2.0	0.0	2.0
ICMT_2123	4.0	0.0	0.0
ICMT_2128	2.0	2.0	0.0
ICMT_40914	0.0	2.0	0.0
ICMT_40915	0.0	2.0	0.0
ICMT_40916	0.0	5.0	0.0
ICMT_40917	0.0	18.0	0.0
ICMT_40918	0.0	3.0	0.0
ICMT_40919	0.0	2.0	0.0
ICMT_63428	0.0	0.0	4.0
ICMT_63429	0.0	0.0	27.0
ICMT_63431	0.0	0.0	2.0
ICOSLG_24774	5.0	11.0	0.0
ICOSLG_54027	0.0	3.0	0.0
IDS_62487	0.0	2.0	0.0
IER2_19780	3.0	5.0	0.0
IER2_19781	2.0	0.0	0.0
IFI44L_40800	0.0	2.0	0.0
IFNAR1_24542	2.0	0.0	2.0
IFNAR1_24547	13.0	7.0	30.0
IFNAR1_72837	0.0	0.0	4.0
IFNAR2_24521	2.0	0.0	0.0
IFNAR2_24528	2.0	0.0	0.0
IFNAR2_24529	2.0	0.0	6.0
IFNAR2_24531	4.0	0.0	9.0
IFNAR2_24532	2.0	0.0	0.0
IFNAR2_24539	3.0	0.0	0.0
IFNAR2_53889	0.0	2.0	0.0
IFNAR2_53890	0.0	12.0	0.0
IFNAR2_53891	0.0	2.0	0.0
IFNAR2_72832	0.0	0.0	7.0
IFNAR2_72834	0.0	0.0	2.0
IGHG3_12239	3.0	0.0	0.0
IGHV5-78_12317	11.0	2.0	3.0
IGKC_21603	11.0	26.0	3.0
IGKC_21612	2.0	0.0	0.0
IGKC_21613	2.0	0.0	0.0
IKZF3_69398	0.0	0.0	2.0
IKZF5_42810	0.0	2.0	0.0
IKZF5_5527	2.0	0.0	0.0
IL16_68103	0.0	0.0	2.0
IL21R_14337	2.0	0.0	3.0
IL21R_14342	2.0	0.0	0.0
IL21R_14346	3.0	0.0	0.0
IL21R_68537	0.0	0.0	2.0
IL2RB_54412	0.0	2.0	0.0
ILF3_51301	0.0	2.0	0.0
ILF3_70683	0.0	0.0	2.0
ILRUN_76186	0.0	0.0	2.0
INIP_78361	0.0	0.0	2.0
INPP5B_1211	5.0	0.0	0.0
INPP5B_1212	13.0	50.0	10.0
INPP5B_40393	0.0	4.0	3.0
INTS7_178	234.0	214.0	220.0
INTS7_39826	0.0	2.0	0.0
IP6K1_26669	4.0	0.0	0.0
IP6K2_55096	0.0	2.0	0.0
IPO13_40484	0.0	2.0	0.0
IPO5_45826	0.0	2.0	0.0
IPO8_8260	6.0	4.0	3.0
IPO9_41876	0.0	2.0	0.0
IPO9_41877	0.0	2.0	0.0
IQSEC1_54773	0.0	4.0	0.0
IRAG2_65935	0.0	0.0	2.0
IRF2BPL_46566	0.0	2.0	0.0
IRF4_58064	0.0	2.0	0.0
IRF4_75918	0.0	0.0	2.0
IRF4_75920	0.0	0.0	4.0
IRF4_75921	0.0	0.0	2.0
IRF4_75923	0.0	0.0	2.0
IRF7_42859	0.0	2.0	0.0
IRF7_42861	0.0	2.0	0.0
IRF8_15339	2.0	0.0	0.0
ITGA4_22485	3.0	3.0	3.0
ITGA4_52742	0.0	2.0	0.0
ITGA4_71918	0.0	0.0	3.0
ITGAL_48125	0.0	2.0	0.0
ITGAL_68585	0.0	0.0	2.0
ITGAM_48168	0.0	4.0	0.0
ITGB2-AS1_54045	0.0	2.0	0.0
ITGB2_54051	0.0	2.0	0.0
ITM2A_62286	0.0	6.0	2.0
ITM2C_23096	2.0	0.0	0.0
ITPRID2_52749	0.0	2.0	0.0
JADE2_57622	0.0	2.0	0.0
JAK3_51498	0.0	2.0	0.0
JAK3_51502	0.0	2.0	0.0
JAK3_70784	0.0	0.0	3.0
JRK_36651	2.0	0.0	0.0
KANK2_51327	0.0	2.0	0.0
KANSL3_52270	0.0	2.0	0.0
KARS1_15200	5.0	0.0	0.0
KAT7_69629	0.0	0.0	2.0
KBTBD6_66853	0.0	0.0	2.0
KCNAB2_40857	0.0	2.0	0.0
KCNK5_32608	35.0	0.0	54.0
KCNK5_76233	0.0	0.0	2.0
KCTD20_76205	0.0	0.0	3.0
KDM3A_21579	17.0	17.0	16.0
KDM5C_78843	0.0	0.0	2.0
KDM5D_79212	0.0	0.0	4.0
KDM6A_62028	0.0	2.0	0.0
KHDC4_3066	3.0	4.0	5.0
KIAA0930_73287	0.0	0.0	2.0
KIAA1109_56702	0.0	2.0	0.0
KIAA1143_26389	2.0	2.0	21.0
KIAA1143_54980	0.0	22.0	29.0
KIAA1143_54981	0.0	2.0	0.0
KICS2_44816	0.0	3.0	2.0
KICS2_44817	0.0	2.0	0.0
KICS2_44818	0.0	3.0	5.0
KICS2_8955	2.0	0.0	0.0
KIF11_42513	0.0	2.0	0.0
KIF14_41865	0.0	2.0	0.0
KIF18B_16824	2.0	0.0	0.0
KLHL11_16588	4.0	5.0	4.0
KLHL11_16589	3.0	0.0	5.0
KLHL11_49293	0.0	2.0	4.0
KLHL26_70799	0.0	0.0	4.0
KLHL9_36965	2.0	8.0	10.0
KPNA4_55815	0.0	34.0	0.0
KPNB1_16919	2.0	0.0	0.0
KRR1_66303	0.0	0.0	2.0
KRTAP29-1_49290	0.0	2.0	0.0
LAMTOR3_74834	0.0	0.0	2.0
LAPTM5_40257	0.0	5.0	0.0
LAPTM5_977	2.0	0.0	0.0
LARP4_44542	0.0	2.0	0.0
LAS1L_62185	0.0	2.0	0.0
LASP1_16494	3.0	0.0	0.0
LBR_325	2.0	0.0	0.0
LBR_39912	0.0	2.0	0.0
LCP1_10361	3.0	0.0	0.0
LCP1_66882	0.0	0.0	7.0
LCP1_66889	0.0	0.0	2.0
LCP1_66891	0.0	0.0	2.0
LDHA_6022	4.0	0.0	0.0
LETM1_28364	2.0	0.0	0.0
LETM1_74510	0.0	0.0	3.0
LIMD1_26417	27.0	12.0	30.0
LIMD1_26419	21.0	40.0	29.0
LIMD1_26423	2.0	0.0	0.0
LIMD1_55005	0.0	7.0	5.0
LIMD1_73565	0.0	0.0	2.0
LINC00528_24910	2.0	0.0	0.0
LINC00653_72440	0.0	0.0	2.0
LINC01749_53787	0.0	7.0	0.0
LINC01749_53789	0.0	5.0	0.0
LINC02210_49445	0.0	2.0	0.0
LINC02605_60553	0.0	2.0	0.0
LMNA_3086	2.0	0.0	0.0
LMNB1_30664	2.0	0.0	0.0
LMNB1_30666	2.0	0.0	0.0
LMNB1_30669	2.0	0.0	0.0
LMNB1_30672	3.0	5.0	2.0
LONP2_14630	34.0	40.0	42.0
LONP2_14633	2.0	8.0	5.0
LONP2_14634	6.0	5.0	3.0
LONP2_48194	0.0	2.0	2.0
LONP2_48195	0.0	3.0	6.0
LONP2_48196	0.0	4.0	0.0
LONP2_68634	0.0	0.0	2.0
LONP2_68635	0.0	0.0	2.0
LONP2_68636	0.0	0.0	5.0
LPAR5_7919	2.0	0.0	0.0
LPCAT1_56979	0.0	2.0	0.0
LPIN2_70024	0.0	0.0	2.0
LRBA_29486	2.0	0.0	0.0
LRBA_29487	2.0	0.0	0.0
LRBA_56787	0.0	2.0	0.0
LRCH3_28286	2.0	0.0	0.0
LRCH3_28287	2.0	3.0	6.0
LRCH3_28291	2.0	0.0	0.0
LRCH3_28292	7.0	7.0	0.0
LRCH3_56072	0.0	2.0	0.0
LRCH3_56073	0.0	5.0	0.0
LRCH3_56075	0.0	2.0	0.0
LRCH3_56076	0.0	2.0	2.0
LRCH3_56077	0.0	3.0	0.0
LRCH3_74478	0.0	0.0	2.0
LRCH3_74479	0.0	0.0	7.0
LRPPRC_51861	0.0	2.0	0.0
LRRC45_17788	2.0	0.0	0.0
LRRC47_63302	0.0	0.0	4.0
LRRC57_47051	0.0	2.0	0.0
LSS_54060	0.0	2.0	0.0
LZIC_41482	0.0	5.0	0.0
LZTS2_64751	0.0	0.0	2.0
MACC1_33866	2.0	0.0	0.0
MADD_6282	2.0	0.0	0.0
MAEA_74502	0.0	0.0	2.0
MAGED2_38932	3.0	6.0	0.0
MAGED2_38935	3.0	0.0	0.0
MAGT1_39115	4.0	0.0	0.0
MAGT1_39117	4.0	0.0	0.0
MAGT1_78946	0.0	0.0	2.0
MAGT1_78947	0.0	0.0	2.0
MANEA-DT_76433	0.0	0.0	2.0
MAP1S_70775	0.0	0.0	2.0
MAP3K11_6784	2.0	0.0	0.0
MAP3K14_49430	0.0	2.0	2.0
MAP3K7_33046	2.0	0.0	0.0
MAP4K2_6691	2.0	0.0	0.0
MAP4_55065	0.0	2.0	0.0
MAPK1IP1L_11339	2.0	0.0	0.0
MARCHF7_22188	2.0	0.0	0.0
MARCKS_58934	0.0	3.0	0.0
MAT2A_21534	6.0	7.0	2.0
MATR3_30956	2.0	0.0	0.0
MATR3_30963	2.0	0.0	0.0
MAX_67368	0.0	0.0	2.0
MBD3_70546	0.0	0.0	2.0
MBNL1_27713	2.0	0.0	0.0
MBNL2_10621	13.0	0.0	0.0
MCM3_32786	2.0	2.0	0.0
MCM3_32787	5.0	2.0	7.0
MCM3_32790	2.0	2.0	0.0
MCM3_76309	0.0	0.0	2.0
MCM3_76310	0.0	0.0	2.0
MCM4_77647	0.0	0.0	2.0
MCM4_77648	0.0	0.0	2.0
MCPH1_35415	2.0	2.0	0.0
MCPH1_60199	0.0	5.0	0.0
MCUR1_31832	2.0	0.0	0.0
MCUR1_75967	0.0	0.0	2.0
MDC1_58325	0.0	2.0	0.0
MDC1_76043	0.0	0.0	2.0
MED15_24976	3.0	0.0	0.0
MED15_24984	3.0	0.0	0.0
MED15_24985	2.0	0.0	0.0
MED15_54131	0.0	3.0	0.0
MED15_54132	0.0	2.0	0.0
MED1_16500	4.0	0.0	0.0
MED1_16506	2.0	2.0	0.0
MED28_56236	0.0	2.0	0.0
METTL16_15537	2.0	2.0	0.0
METTL16_15538	12.0	13.0	19.0
METTL16_15539	3.0	0.0	3.0
METTL16_15540	2.0	0.0	8.0
METTL16_15541	7.0	8.0	14.0
METTL16_48731	0.0	9.0	0.0
METTL16_69029	0.0	0.0	2.0
METTL16_69030	0.0	0.0	2.0
METTL16_69032	0.0	0.0	4.0
METTL16_69033	0.0	0.0	2.0
METTL2B_77283	0.0	0.0	2.0
METTL7A_66111	0.0	0.0	2.0
MFN1_27918	5.0	0.0	0.0
MFN1_74242	0.0	0.0	2.0
MFSD6_71948	0.0	0.0	2.0
MGRN1_13947	2.0	0.0	0.0
MIER1_40740	0.0	2.0	0.0
MINK1_15629	3.0	0.0	0.0
MINK1_69065	0.0	0.0	2.0
MLEC_45287	0.0	2.0	0.0
MLLT1_19375	2.0	0.0	0.0
MOB1A_52128	0.0	2.0	0.0
MOB3A_19209	5.0	0.0	0.0
MOB3A_19210	4.0	0.0	0.0
MOB3A_19211	5.0	0.0	0.0
MOB3A_19215	2.0	0.0	0.0
MOB3A_19217	3.0	0.0	0.0
MOB3A_51063	0.0	6.0	0.0
MOB3A_51067	0.0	3.0	0.0
MOB3A_51068	0.0	2.0	0.0
MOB3A_70549	0.0	0.0	3.0
MPEG1_6450	3.0	8.0	14.0
MPEG1_6451	2.0	4.0	0.0
MPEG1_6452	2.0	0.0	0.0
MPHOSPH8_10008	2.0	0.0	0.0
MPZL1_41645	0.0	2.0	0.0
MPZL3_65684	0.0	0.0	2.0
MRE11_43789	0.0	2.0	0.0
MREG_22807	2.0	0.0	0.0
MREG_22808	2.0	0.0	0.0
MREG_22809	3.0	0.0	0.0
MRI1_19785	2.0	0.0	0.0
MRI1_19786	2.0	0.0	0.0
MRI1_51398	0.0	14.0	0.0
MRI1_70726	0.0	0.0	2.0
MRI1_70727	0.0	0.0	2.0
MRPL42_66335	0.0	0.0	2.0
MRPL44_22942	2.0	0.0	0.0
MRPS16_4729	2.0	0.0	0.0
MRPS16_4731	3.0	5.0	4.0
MRPS16_64513	0.0	0.0	34.0
MRPS30_75235	0.0	0.0	2.0
MRRF_37829	2.0	0.0	0.0
MRTO4_589	5.0	10.0	0.0
MSH6_21089	9.0	28.0	22.0
MSH6_71260	0.0	0.0	2.0
MSL2_74028	0.0	0.0	2.0
MSN_38987	2.0	0.0	0.0
MSN_78891	0.0	0.0	2.0
MTA3_20997	3.0	0.0	0.0
MTDH_60636	0.0	2.0	0.0
MTFR2_59035	0.0	2.0	0.0
MTMR4_49576	0.0	2.0	0.0
MTMR4_69653	0.0	0.0	3.0
MTOR_41697	0.0	2.0	0.0
MTRF1_66855	0.0	0.0	3.0
MX1_72881	0.0	0.0	2.0
MYH9_25368	2.0	0.0	0.0
MYH9_25369	2.0	0.0	0.0
MYH9_25374	2.0	0.0	0.0
MYH9_25375	3.0	0.0	0.0
MYH9_25376	2.0	0.0	0.0
MYH9_25392	2.0	0.0	0.0
MYH9_25394	2.0	0.0	0.0
MYH9_25395	5.0	0.0	0.0
MYH9_54354	0.0	2.0	0.0
MYH9_54355	0.0	6.0	0.0
MYH9_54356	0.0	2.0	0.0
MYH9_54357	0.0	2.0	0.0
MYH9_54359	0.0	2.0	0.0
MYH9_54360	0.0	2.0	0.0
MYH9_54361	0.0	2.0	0.0
MYH9_54363	0.0	5.0	0.0
MYH9_54367	0.0	8.0	5.0
MYH9_54371	0.0	2.0	0.0
MYH9_54372	0.0	2.0	0.0
MYH9_54373	0.0	2.0	0.0
MYH9_54381	0.0	2.0	0.0
MYH9_54388	0.0	2.0	0.0
MYH9_54390	0.0	2.0	0.0
MYH9_54394	0.0	3.0	0.0
MYH9_54396	0.0	2.0	0.0
MYH9_54397	0.0	2.0	0.0
MYH9_73131	0.0	0.0	2.0
MYH9_73133	0.0	0.0	3.0
MYH9_73136	0.0	0.0	2.0
MYH9_73143	0.0	0.0	2.0
MYH9_73144	0.0	0.0	3.0
MYH9_73145	0.0	0.0	2.0
MYH9_73146	0.0	0.0	2.0
MYH9_73148	0.0	0.0	2.0
MYH9_73150	0.0	0.0	2.0
MYH9_73155	0.0	0.0	3.0
MYH9_73158	0.0	0.0	2.0
MYH9_73161	0.0	0.0	2.0
MYH9_73162	0.0	0.0	3.0
MYO18A_49086	0.0	2.0	0.0
MYO1E_67931	0.0	0.0	2.0
MYO1G_34166	2.0	0.0	0.0
MYO1G_34171	3.0	11.0	3.0
MYO1G_34173	3.0	0.0	0.0
MYO1G_34174	2.0	0.0	0.0
MYO1G_34185	2.0	0.0	0.0
MYO1G_34186	3.0	0.0	0.0
MYO1G_59502	0.0	2.0	0.0
MYO1G_59507	0.0	4.0	0.0
MYO1G_76933	0.0	0.0	2.0
MYO1G_76937	0.0	0.0	2.0
N4BP2_28685	5.0	4.0	2.0
N4BP2_56303	0.0	2.0	0.0
N4BP2_56305	0.0	2.0	0.0
N4BP2_56307	0.0	2.0	0.0
NAA60_68347	0.0	0.0	2.0
NAB1_22554	3.0	0.0	0.0
NAB1_22556	2.0	0.0	0.0
NABP1_71969	0.0	0.0	2.0
NADK_1172	2.0	0.0	0.0
NAXD_45873	0.0	5.0	0.0
NAXD_45874	0.0	2.0	0.0
NBR1_16727	2.0	2.0	0.0
NBR1_49380	0.0	10.0	0.0
NCAPD2_7876	2.0	0.0	0.0
NCBP1_37531	5.0	3.0	9.0
NCBP1_61369	0.0	2.0	0.0
NCBP1_78292	0.0	0.0	4.0
NCEH1_27891	4.0	0.0	0.0
NCF1B_34375	6.0	0.0	0.0
NCF1B_34387	42.0	32.0	19.0
NCF1B_34393	4.0	0.0	0.0
NCF1B_59617	0.0	2.0	0.0
NCL_23121	2.0	0.0	0.0
NCL_23127	3.0	0.0	0.0
NCL_53112	0.0	3.0	0.0
NCL_72231	0.0	0.0	6.0
NCL_72237	0.0	0.0	40.0
NCOA3_24101	23.0	0.0	27.0
NCOA3_24104	16.0	0.0	0.0
NCOA3_24105	2.0	0.0	0.0
NCOA3_24108	6.0	15.0	10.0
NCOA3_24111	5.0	6.0	15.0
NCOA3_53654	0.0	2.0	0.0
NCOA3_53662	0.0	9.0	0.0
NCOA3_72671	0.0	0.0	2.0
NDOR1_61794	0.0	2.0	0.0
NDUFS1_22739	2.0	0.0	0.0
NDUFS1_22743	2.0	0.0	0.0
NDUFS1_72051	0.0	0.0	5.0
NEDD1_45004	0.0	3.0	0.0
NEDD1_9239	7.0	4.0	4.0
NEDD9_31810	2.0	0.0	0.0
NEDD9_31811	2.0	0.0	0.0
NEDD9_58128	0.0	2.0	0.0
NEDD9_58136	0.0	2.0	0.0
NEDD9_58143	0.0	3.0	0.0
NEDD9_75954	0.0	0.0	2.0
NEFLP1_79213	0.0	0.0	2.0
NEK6_37863	149.0	0.0	0.0
NEK9_11782	2.0	0.0	0.0
NEMP1_44748	0.0	7.0	0.0
NEU1_76095	0.0	0.0	2.0
NF2_54274	0.0	2.0	2.0
NF2_73068	0.0	0.0	2.0
NFATC3_48441	0.0	6.0	0.0
NFE2L2_71897	0.0	0.0	3.0
NFRKB_44064	0.0	2.0	5.0
NFRKB_65790	0.0	0.0	2.0
NFRKB_7740	2.0	0.0	0.0
NFRKB_7741	2.0	0.0	0.0
NFRKB_7742	3.0	2.0	4.0
NHEJ1_22875	2.0	0.0	3.0
NHEJ1_52968	0.0	2.0	4.0
NICN1_26650	3.0	0.0	0.0
NICN1_55136	0.0	2.0	3.0
NISCH_73713	0.0	0.0	2.0
NKRF_39326	2.0	0.0	0.0
NKRF_62367	0.0	143.0	0.0
NKRF_62368	0.0	2.0	0.0
NLGN4Y_62609	0.0	2.0	0.0
NLRC3_68352	0.0	0.0	2.0
NLRC5_48317	0.0	2.0	0.0
NLRC5_48330	0.0	2.0	0.0
NLRP4_70483	0.0	0.0	2.0
NNT_75223	0.0	0.0	2.0
NNT_75225	0.0	0.0	2.0
NOC2L_40886	0.0	2.0	0.0
NOC3L_5000	3.0	2.0	4.0
NOD1_33987	2.0	0.0	0.0
NOD1_33993	3.0	4.0	5.0
NOD1_33995	2.0	0.0	0.0
NOD1_59407	0.0	2.0	0.0
NOD1_59410	0.0	2.0	0.0
NOL9_2176	2.0	0.0	0.0
NOL9_40957	0.0	3.0	0.0
NOM1_60175	0.0	2.0	0.0
NONO_78913	0.0	0.0	2.0
NOP14_28420	18.0	17.0	33.0
NPC1_18045	2.0	0.0	0.0
NPHP4_63398	0.0	0.0	2.0
NRAS_2420	2.0	0.0	2.0
NRAS_41132	0.0	3.0	0.0
NRAS_63588	0.0	0.0	2.0
NSF_16880	2.0	0.0	0.0
NSUN5_34442	3.0	0.0	0.0
NUGGC_77583	0.0	0.0	2.0
NUMA1_43630	0.0	2.0	0.0
NUMA1_43632	0.0	2.0	0.0
NUMA1_65500	0.0	0.0	2.0
NUP107_66287	0.0	0.0	3.0
NUP153_31852	2.0	0.0	0.0
NUP153_31857	2.0	0.0	0.0
NUP153_31858	7.0	0.0	0.0
NUP153_75970	0.0	0.0	4.0
NUP155_29912	5.0	16.0	20.0
NUP155_29913	2.0	0.0	0.0
NUP155_29914	2.0	0.0	0.0
NUP155_29915	2.0	16.0	5.0
NUP155_29919	3.0	2.0	6.0
NUP155_29924	3.0	2.0	0.0
NUP155_29925	3.0	0.0	0.0
NUP155_29926	3.0	2.0	4.0
NUP155_57065	0.0	2.0	0.0
NUP155_57072	0.0	4.0	0.0
NUP155_75196	0.0	0.0	8.0
NUP155_75197	0.0	0.0	2.0
NUP155_75198	0.0	0.0	2.0
NUP155_75199	0.0	0.0	2.0
NUP155_75200	0.0	0.0	2.0
NUP155_75201	0.0	0.0	2.0
NUP205_35100	3.0	0.0	0.0
NUP205_35104	2.0	0.0	0.0
NUP205_60034	0.0	2.0	0.0
NUP214_78534	0.0	0.0	2.0
NUP43_33471	3.0	5.0	4.0
NUP43_33472	10.0	0.0	0.0
NUP43_59102	0.0	17.0	9.0
NUP43_59103	0.0	2.0	0.0
NUS1_58946	0.0	4.0	3.0
NXPE3_27063	2.0	0.0	0.0
NXPE3_55358	0.0	2.0	0.0
NXPE3_55368	0.0	2.0	0.0
OAS3_66539	0.0	0.0	2.0
OGA_64758	0.0	0.0	2.0
OGDH_76927	0.0	0.0	2.0
OGT_39066	2.0	0.0	0.0
OIP5-AS1_12523	2.0	4.0	6.0
OIP5-AS1_12525	3.0	2.0	0.0
OIP5-AS1_12527	7.0	0.0	0.0
OIP5-AS1_47002	0.0	3.0	0.0
OIP5-AS1_67774	0.0	0.0	11.0
OMA1_1705	3.0	33.0	34.0
OMA1_1706	2.0	0.0	0.0
OMA1_63299	0.0	0.0	3.0
OMA1_63300	0.0	0.0	2.0
OR2T34_40057	0.0	2.0	0.0
OR2T34_40058	0.0	3.0	0.0
OR2T34_560	2.0	0.0	0.0
ORAI3_14555	8.0	4.0	0.0
ORC2_22673	3.0	3.0	2.0
OSBPL11_73958	0.0	0.0	2.0
OSBPL7_69601	0.0	0.0	4.0
OSBP_65275	0.0	0.0	4.0
OXSR1_26289	2.0	0.0	0.0
OXSR1_54901	0.0	3.0	8.0
P2RY1_55764	0.0	2.0	10.0
P2RY1_74135	0.0	0.0	2.0
P2RY8_38445	3.0	0.0	0.0
P2RY8_61856	0.0	5.0	5.0
P3H1_1329	2.0	0.0	0.0
P4HB_49964	0.0	2.0	0.0
P4HB_69982	0.0	0.0	2.0
PABPC1_36360	2.0	0.0	0.0
PABPC1_36361	6.0	0.0	0.0
PABPC1_36365	2.0	0.0	0.0
PABPC1_60678	0.0	2.0	0.0
PABPC4_1246	2.0	0.0	0.0
PAICS_28847	3.0	3.0	0.0
PAICS_28849	3.0	0.0	0.0
PAICS_28854	2.0	0.0	0.0
PAICS_74704	0.0	0.0	2.0
PAK2_56054	0.0	2.0	0.0
PALM2AKAP2_61436	0.0	2.0	0.0
PAPOLA_46694	0.0	2.0	2.0
PARG_42241	0.0	6.0	0.0
PARG_4486	12.0	11.0	23.0
PARG_4488	5.0	0.0	6.0
PARG_4493	3.0	0.0	2.0
PARG_4494	2.0	0.0	0.0
PARG_64428	0.0	0.0	2.0
PARP4_10081	2.0	0.0	0.0
PARP4_10093	2.0	2.0	2.0
PARP4_66764	0.0	0.0	3.0
PARVB_25744	6.0	0.0	0.0
PARVB_54563	0.0	2.0	0.0
PASK_53207	0.0	2.0	0.0
PCF11_65559	0.0	0.0	2.0
PCNP_27044	2.0	6.0	5.0
PCNP_27047	27.0	39.0	19.0
PCSK7_43905	0.0	2.0	0.0
PCYT1A_56042	0.0	2.0	5.0
PCYT1A_56043	0.0	4.0	3.0
PDCD11_42697	0.0	4.0	0.0
PDE7A_36041	18.0	0.0	0.0
PDSS2_33124	99.0	0.0	0.0
PDXDC1_14118	2.0	0.0	0.0
PDXDC1_47901	0.0	2.0	0.0
PEG10_34612	2.0	0.0	0.0
PELP1_15606	2.0	0.0	0.0
PEX13_51993	0.0	2.0	0.0
PEX3_33433	2.0	0.0	0.0
PFKFB2_64204	0.0	0.0	2.0
PFKL_24784	3.0	0.0	0.0
PGGT1B_30601	2.0	0.0	0.0
PGGT1B_57496	0.0	10.0	12.0
PGK1_39143	2.0	0.0	0.0
PGPEP1_19986	2.0	0.0	0.0
PHACTR4_40240	0.0	2.0	0.0
PHACTR4_918	2.0	0.0	0.0
PHAX_75545	0.0	0.0	2.0
PHC3_27863	5.0	0.0	0.0
PHF21A_65183	0.0	0.0	2.0
PHF5A_73244	0.0	0.0	2.0
PHKA1_62256	0.0	4.0	18.0
PIGT_24023	3.0	0.0	0.0
PIGT_72625	0.0	0.0	2.0
PIK3R5_15922	2.0	0.0	0.0
PIK3R6_48926	0.0	2.0	0.0
PIP5K1A_2749	3.0	0.0	15.0
PJA1_39004	2.0	2.0	0.0
PJA1_62210	0.0	5.0	4.0
PKM_47377	0.0	2.0	0.0
PKM_68016	0.0	0.0	2.0
PKN1_51422	0.0	2.0	0.0
PLAGL2_72492	0.0	0.0	2.0
PLCG2_15229	8.0	3.0	5.0
PLCG2_15233	10.0	15.0	12.0
PLCG2_15234	6.0	6.0	6.0
PLCG2_68905	0.0	0.0	4.0
PLCG2_68914	0.0	0.0	3.0
PLCXD1_61846	0.0	2.0	0.0
PLCXD1_61847	0.0	4.0	0.0
PLCXD1_61848	0.0	12.0	0.0
PLCXD1_61849	0.0	14.0	5.0
PLD3_50582	0.0	2.0	0.0
PLD3_50583	0.0	2.0	0.0
PLEC_36690	2.0	0.0	0.0
PLEKHA2_35817	2.0	0.0	0.0
PLEKHA2_35819	2.0	0.0	0.0
PLEKHA2_35820	2.0	0.0	2.0
PLEKHA2_60403	0.0	7.0	0.0
PLEKHA2_60404	0.0	2.0	0.0
PLEKHA2_60405	0.0	2.0	0.0
PLEKHB2_22021	2.0	0.0	0.0
PLEKHF2_36269	2.0	0.0	0.0
PLEKHF2_60628	0.0	3.0	6.0
PLEKHM1_16851	3.0	0.0	0.0
PLEKHO2_13021	9.0	7.0	16.0
PLEKHO2_47302	0.0	13.0	15.0
PLEKHO2_67972	0.0	0.0	2.0
PLEKHO2_67973	0.0	0.0	11.0
PLOD3_59840	0.0	2.0	0.0
PLPP6_60963	0.0	2.0	0.0
PLPP6_60964	0.0	2.0	0.0
PM20D2_33031	7.0	5.0	8.0
PML_47410	0.0	2.0	0.0
PML_68031	0.0	0.0	2.0
PMS2_59297	0.0	7.0	0.0
PMS2_59298	0.0	2.0	4.0
PMS2_76761	0.0	0.0	2.0
PNPLA6_51188	0.0	2.0	0.0
PNPT1_51971	0.0	2.0	0.0
PNRC1_33030	7.0	5.0	0.0
POLA1_38612	4.0	6.0	3.0
POLDIP3_25699	4.0	0.0	2.0
POLDIP3_25705	3.0	0.0	5.0
POLDIP3_54548	0.0	5.0	0.0
POLDIP3_54550	0.0	3.0	0.0
POLE_9953	4.0	0.0	3.0
POLH_32723	4.0	0.0	0.0
POLH_32724	4.0	0.0	0.0
POLH_32727	2.0	0.0	0.0
POLH_58658	0.0	2.0	0.0
POLQ_27221	5.0	0.0	0.0
POLR1A_52182	0.0	2.0	0.0
POLR1A_52184	0.0	3.0	0.0
POLR2A_48862	0.0	2.0	0.0
POLR2A_69124	0.0	0.0	4.0
POLR2D_71644	0.0	0.0	2.0
POLR2D_71646	0.0	0.0	6.0
POLR2E_70534	0.0	0.0	2.0
POLR2M_12867	4.0	6.0	0.0
POLR3A_64571	0.0	0.0	2.0
POM121C_34468	5.0	0.0	0.0
POM121_59609	0.0	2.0	0.0
POU2AF1_7448	3.0	0.0	0.0
PPIA_34160	3.0	0.0	3.0
PPIP5K2_75479	0.0	0.0	2.0
PPM1K_56520	0.0	8.0	0.0
PPM1K_74798	0.0	0.0	2.0
PPP1R15A_18691	2.0	2.0	0.0
PPP1R15A_50758	0.0	2.0	0.0
PPP1R2_56020	0.0	2.0	0.0
PPP2R5E_11482	156.0	0.0	0.0
PPP4R3B_51958	0.0	8.0	0.0
PPP6R1_18955	2.0	0.0	0.0
PPP6R2_73336	0.0	0.0	2.0
PRCC_41505	0.0	2.0	0.0
PRDX1_1442	2.0	0.0	0.0
PREB_20746	3.0	2.0	0.0
PREB_20750	298.0	0.0	235.0
PREPL_71249	0.0	0.0	2.0
PREP_33107	2.0	0.0	0.0
PREX1_72681	0.0	0.0	4.0
PRKAR1A_49707	0.0	2.0	0.0
PRKCSH_19692	6.0	0.0	0.0
PRKCSH_51347	0.0	6.0	2.0
PRKDC_77644	0.0	0.0	2.0
PROSER1_66837	0.0	0.0	2.0
PROSER1_66838	0.0	0.0	2.0
PRPF38A_40659	0.0	3.0	0.0
PRPF39_67235	0.0	0.0	2.0
PRPF4B_58092	0.0	4.0	5.0
PRPF8_15497	5.0	4.0	4.0
PRPF8_15505	2.0	0.0	0.0
PRPF8_15506	7.0	0.0	0.0
PRPF8_69007	0.0	0.0	2.0
PRR11_17145	3.0	2.0	0.0
PRRC2A_32199	2.0	0.0	5.0
PRRC2A_58363	0.0	2.0	2.0
PRRC2A_58368	0.0	2.0	0.0
PRRC2A_76066	0.0	0.0	2.0
PRRC2A_76072	0.0	0.0	2.0
PSD4_52382	0.0	2.0	0.0
PSKH1_68774	0.0	0.0	2.0
PSMB2_40365	0.0	2.0	2.0
PSMB8-AS1_32315	7.0	0.0	0.0
PSMC6_46204	0.0	2.0	0.0
PSMD12_49696	0.0	2.0	0.0
PSMD12_49697	0.0	24.0	0.0
PSMD12_69761	0.0	0.0	45.0
PSMD3_16527	2.0	0.0	0.0
PTBP3_37662	2.0	0.0	0.0
PTBP3_37663	2.0	3.0	0.0
PTBP3_37665	2.0	3.0	0.0
PTBP3_37666	5.0	0.0	9.0
PTBP3_37667	6.0	7.0	0.0
PTBP3_37669	2.0	0.0	0.0
PTBP3_37677	23.0	28.0	26.0
PTBP3_61458	0.0	6.0	0.0
PTBP3_61459	0.0	2.0	0.0
PTBP3_61462	0.0	3.0	0.0
PTBP3_61463	0.0	3.0	4.0
PTBP3_78349	0.0	0.0	6.0
PTER_42036	0.0	2.0	0.0
PTER_42037	0.0	2.0	0.0
PTPA_38095	2.0	0.0	0.0
PTPN11_66534	0.0	0.0	142.0
PTPN11_66536	0.0	0.0	2.0
PTPN23_55018	0.0	2.0	0.0
PTPN23_55021	0.0	2.0	0.0
PTPRE_42828	0.0	2.0	0.0
PTPRK_58976	0.0	2.0	0.0
PTPRK_58982	0.0	2.0	0.0
PUM2_51623	0.0	3.0	0.0
PUS7L_66005	0.0	0.0	2.0
PUS7L_66006	0.0	0.0	2.0
PUS7_59881	0.0	4.0	0.0
PYGB_72461	0.0	0.0	2.0
PYURF_29119	6.0	0.0	0.0
RAB1B_6843	3.0	0.0	0.0
RAB43_73980	0.0	0.0	2.0
RAB6A_7144	809.0	823.0	0.0
RABEP1_15664	2.0	0.0	0.0
RABGAP1L_41713	0.0	2.0	3.0
RABGGTB_63366	0.0	0.0	2.0
RAD21_60751	0.0	4.0	0.0
RAD23A_51389	0.0	2.0	0.0
RADX_39248	2.0	0.0	0.0
RAF1_26048	2.0	0.0	0.0
RANBP2_52317	0.0	32.0	0.0
RAP2C_62436	0.0	2.0	0.0
RAP2C_79074	0.0	0.0	3.0
RASA1_75374	0.0	0.0	3.0
RASGRP3_71185	0.0	0.0	4.0
RASSF5_35	2.0	0.0	0.0
RBBP4_1082	5.0	3.0	0.0
RBBP4_40317	0.0	2.0	0.0
RBBP4_63030	0.0	0.0	2.0
RBBP4_63032	0.0	0.0	2.0
RBBP9_53379	0.0	2.0	0.0
RBBP9_72437	0.0	0.0	5.0
RBL2_48264	0.0	2.0	0.0
RBM12_72529	0.0	0.0	25.0
RBM12_72531	0.0	0.0	2.0
RBM15_63525	0.0	0.0	3.0
RBM26_45791	0.0	12.0	0.0
RBM26_66973	0.0	0.0	8.0
RBM27_75684	0.0	0.0	2.0
RBM28_59957	0.0	2.0	0.0
RBM33_35325	2.0	0.0	0.0
RBM33_77422	0.0	0.0	2.0
RBM3_62092	0.0	2.0	0.0
RBM8A_2546	3.0	0.0	0.0
RBM8A_2548	7.0	8.0	10.0
RBM8A_41198	0.0	3.0	0.0
RBM8A_63654	0.0	0.0	3.0
RBMX_79104	0.0	0.0	2.0
RBSN_54785	0.0	3.0	0.0
RCSD1_3437	2.0	0.0	0.0
RECQL4_77950	0.0	0.0	2.0
REEP4_35564	75.0	61.0	0.0
RERE_2562	3.0	0.0	0.0
RERE_2563	2.0	0.0	0.0
RFWD3_15181	2.0	0.0	0.0
RGS1_3738	2.0	0.0	0.0
RLIM_62260	0.0	3.0	0.0
RNF10_66587	0.0	0.0	2.0
RNF114_53715	0.0	2.0	0.0
RNF123_73664	0.0	0.0	2.0
RNF138_70145	0.0	0.0	2.0
RNF24_72393	0.0	0.0	2.0
RNF38_37139	2.0	0.0	0.0
RNF40_14545	2.0	0.0	0.0
RNF40_48153	0.0	3.0	0.0
RNF40_68598	0.0	0.0	4.0
RNFT2_45237	0.0	6.0	0.0
RNFT2_66557	0.0	0.0	2.0
RNH1_42857	0.0	2.0	0.0
RNPS1_47738	0.0	2.0	0.0
RPE_22772	2.0	0.0	0.0
RPL13_15409	4.0	0.0	0.0
RPL18A_19961	2.0	0.0	0.0
RPL38P4_26995	29.0	20.0	17.0
RPL38P4_26996	2.0	4.0	0.0
RPL38P4_26998	2.0	5.0	2.0
RPL38P4_55332	0.0	7.0	0.0
RPL38P4_55333	0.0	2.0	7.0
RPL38P4_73793	0.0	0.0	2.0
RPL3_25553	2.0	0.0	0.0
RPL5_2098	2.0	0.0	0.0
RPL5_2103	3.0	0.0	0.0
RPL7L1_32657	7.0	19.0	0.0
RPL7L1_32660	2.0	0.0	0.0
RPL7L1_58620	0.0	2.0	0.0
RPL7L1_76270	0.0	0.0	5.0
RPL7L1_76271	0.0	0.0	2.0
RPL7L1_76272	0.0	0.0	2.0
RPRD1B_23933	23.0	36.0	37.0
RPRD1B_53544	0.0	2.0	0.0
RPRD1B_53552	0.0	3.0	0.0
RPRD2_2668	21.0	25.0	40.0
RPRD2_2669	6.0	8.0	6.0
RPRD2_2671	14.0	16.0	16.0
RPRD2_41233	0.0	5.0	0.0
RPRD2_41234	0.0	2.0	3.0
RPRD2_41235	0.0	4.0	0.0
RPRD2_63695	0.0	0.0	3.0
RPS23_30346	3.0	6.0	33.0
RPS23_75367	0.0	0.0	8.0
RPS6KA3_78719	0.0	0.0	2.0
RPUSD4_44048	0.0	7.0	0.0
RRBP1_53360	0.0	10.0	0.0
RRM2B_36393	2.0	0.0	0.0
RRM2B_36394	14.0	14.0	2.0
RSAD1_17051	3.0	4.0	5.0
RSL1D1_47868	0.0	5.0	0.0
RUBCN_56065	0.0	3.0	0.0
SAMD4B_70964	0.0	0.0	2.0
SAMD8_42413	0.0	2.0	0.0
SAR1A_42331	0.0	2.0	0.0
SAR1A_42335	0.0	3.0	2.0
SAR1A_42336	0.0	2.0	0.0
SART3_66462	0.0	0.0	2.0
SCAF11_44448	0.0	2.0	0.0
SCARB1_9903	2.0	3.0	0.0
SCARB1_9904	2.0	7.0	2.0
SCARB1_9905	3.0	0.0	0.0
SCARB1_9908	3.0	0.0	0.0
SCARB1_9914	2.0	0.0	0.0
SCD_42615	0.0	4.0	0.0
SCD_5189	26.0	26.0	40.0
SCD_5192	2.0	0.0	0.0
SCIMP_48817	0.0	2.0	0.0
SCMH1_1296	2.0	0.0	0.0
SCO1_48933	0.0	2.0	0.0
SCO1_69197	0.0	0.0	2.0
SCRN1_59402	0.0	2.0	0.0
SCRN1_59403	0.0	2.0	3.0
SDE2_39931	0.0	3.0	0.0
SDHAF4_32874	2.0	0.0	0.0
SDR39U1_11093	4.0	0.0	0.0
SEC14L1_17556	27.0	0.0	0.0
SEC14L1_17558	3.0	0.0	0.0
SEC14L1_17561	3.0	0.0	0.0
SEC14L1_17562	6.0	0.0	0.0
SEC14L1_17563	2.0	0.0	0.0
SEC14L1_17565	3.0	0.0	0.0
SEC14L1_17567	4.0	0.0	0.0
SEC14L1_17568	479.0	0.0	0.0
SEC14L1_49822	0.0	2.0	11.0
SEC14L1_49823	0.0	3.0	0.0
SEC14L1_49825	0.0	5.0	0.0
SEC14L1_49827	0.0	2.0	0.0
SEC14L1_49828	0.0	2.0	0.0
SEC14L1_49830	0.0	2.0	3.0
SEC14L1_49832	0.0	3.0	0.0
SEC14L1_49833	0.0	2.0	0.0
SEC14L1_49836	0.0	10.0	0.0
SEC14L1_49840	0.0	2.0	0.0
SEC14L1_49841	0.0	210.0	223.0
SEC14L1_69856	0.0	0.0	4.0
SEC14L1_69858	0.0	0.0	2.0
SEC14L1_69859	0.0	0.0	18.0
SEC14L1_69860	0.0	0.0	2.0
SEC14L1_69861	0.0	0.0	2.0
SEC14L1_69862	0.0	0.0	3.0
SEC14L1_69863	0.0	0.0	2.0
SEC14L1_69864	0.0	0.0	2.0
SEC14L1_69865	0.0	0.0	3.0
SEC14L1_69866	0.0	0.0	22.0
SEC14L1_69867	0.0	0.0	2.0
SEC14L1_69868	0.0	0.0	172.0
SEC16A_38279	3.0	0.0	0.0
SEC16A_61767	0.0	3.0	0.0
SEC16A_78590	0.0	0.0	12.0
SEC16A_78592	0.0	0.0	6.0
SEC16A_78593	0.0	0.0	2.0
SEC16A_78594	0.0	0.0	3.0
SEC16A_78602	0.0	0.0	6.0
SEC23IP_5493	6.0	5.0	5.0
SEC24C_42389	0.0	2.0	3.0
SEC24C_4748	48.0	7.0	6.0
SEC24C_4753	2.0	0.0	0.0
SEC24C_64532	0.0	0.0	3.0
SEC61A1_73969	0.0	0.0	2.0
SEMA4A_41473	0.0	2.0	0.0
SENP2_28045	2.0	0.0	0.0
SEPTIN2_23281	2.0	0.0	0.0
SEPTIN2_23289	8.0	13.0	2.0
SEPTIN2_23308	3.0	0.0	0.0
SEPTIN7_59434	0.0	8.0	5.0
SEPTIN9_17576	22.0	0.0	0.0
SEPTIN9_17579	4.0	0.0	0.0
SEPTIN9_17585	3.0	3.0	0.0
SEPTIN9_17590	2.0	0.0	0.0
SEPTIN9_17592	2.0	0.0	0.0
SEPTIN9_17596	3.0	6.0	0.0
SEPTIN9_17598	5.0	3.0	0.0
SEPTIN9_49851	0.0	2.0	0.0
SEPTIN9_49852	0.0	5.0	0.0
SEPTIN9_49854	0.0	6.0	0.0
SEPTIN9_49855	0.0	2.0	2.0
SERINC5_57342	0.0	2.0	0.0
SERPINB9_31732	5.0	5.0	3.0
SERPINB9_58084	0.0	9.0	0.0
SERPINB9_75931	0.0	0.0	2.0
SESN3_65579	0.0	0.0	2.0
SETD1B_66606	0.0	0.0	2.0
SETDB2_45726	0.0	2.0	0.0
SETDB2_45727	0.0	2.0	0.0
SETDB2_66919	0.0	0.0	2.0
SF1_65353	0.0	0.0	2.0
SF3B3_15095	2.0	0.0	0.0
SF3B3_48509	0.0	2.0	0.0
SF3B3_68847	0.0	0.0	2.0
SFT2D2_3470	2.0	0.0	0.0
SFT2D2_3472	6.0	0.0	0.0
SFT2D2_3474	2.0	0.0	0.0
SFT2D2_41655	0.0	2.0	0.0
SFT2D2_63981	0.0	0.0	2.0
SFT2D2_63982	0.0	0.0	7.0
SFXN1_75821	0.0	0.0	2.0
SGTB_57187	0.0	4.0	0.0
SGTB_57188	0.0	5.0	0.0
SGTB_75265	0.0	0.0	2.0
SH3KBP1_78717	0.0	0.0	2.0
SH3TC1_28497	2.0	0.0	0.0
SH3TC1_56205	0.0	2.0	0.0
SHARPIN_36718	3.0	2.0	0.0
SHC1_41401	0.0	4.0	0.0
SIK2_43862	0.0	4.0	0.0
SIK2_65635	0.0	0.0	7.0
SIK2_65637	0.0	0.0	4.0
SKA1_18239	2.0	0.0	0.0
SKA1_50245	0.0	2.0	0.0
SKA1_50246	0.0	2.0	0.0
SKIV2L_76100	0.0	0.0	2.0
SLC12A2_57551	0.0	2.0	0.0
SLC12A6_46948	0.0	2.0	0.0
SLC12A6_67729	0.0	0.0	10.0
SLC12A6_67731	0.0	0.0	5.0
SLC17A5_32902	4.0	3.0	2.0
SLC19A1_24832	2.0	0.0	0.0
SLC23A2_53319	0.0	2.0	0.0
SLC25A40_59705	0.0	2.0	0.0
SLC25A46_30552	4.0	16.0	10.0
SLC25A4_29702	2.0	0.0	0.0
SLC27A4_61627	0.0	5.0	0.0
SLC30A6_71160	0.0	0.0	2.0
SLC30A9_28720	2.0	0.0	0.0
SLC30A9_56320	0.0	2.0	0.0
SLC35A4_31016	2.0	0.0	0.0
SLC35A4_31018	10.0	8.0	8.0
SLC35D1_1807	2.0	0.0	0.0
SLC35D1_1808	4.0	6.0	9.0
SLC35E2B_1065	5.0	5.0	2.0
SLC35E2B_40335	0.0	6.0	0.0
SLC35E2B_40336	0.0	3.0	0.0
SLC35E2B_40337	0.0	2.0	0.0
SLC35E2B_40338	0.0	2.0	0.0
SLC35E2B_40342	0.0	4.0	0.0
SLC35E2B_40343	0.0	2.0	4.0
SLC35E2B_40344	0.0	2.0	0.0
SLC35E2B_63003	0.0	0.0	2.0
SLC35E2B_63004	0.0	0.0	12.0
SLC38A10_49941	0.0	3.0	0.0
SLC38A10_69961	0.0	0.0	6.0
SLC39A6_70155	0.0	0.0	6.0
SLC39A9_46394	0.0	5.0	0.0
SLC5A6_71123	0.0	0.0	2.0
SLC6A6_54780	0.0	6.0	0.0
SLC7A1_45519	0.0	2.0	0.0
SLC7A5_68962	0.0	0.0	2.0
SMAD5_57643	0.0	3.0	0.0
SMAP2_1276	3.0	0.0	0.0
SMARCAD1_74811	0.0	0.0	2.0
SMARCC2_8773	2.0	0.0	0.0
SMARCE1_49288	0.0	2.0	0.0
SMC4_55812	0.0	7.0	0.0
SMC4_74161	0.0	0.0	2.0
SMCR8_16047	2.0	0.0	0.0
SMG8_17142	2.0	0.0	0.0
SMIM14_56292	0.0	2.0	0.0
SNHG16_69850	0.0	0.0	2.0
SNHG16_69851	0.0	0.0	4.0
SNIP1_1188	9.0	7.0	3.0
SNRNP200_71510	0.0	0.0	2.0
SNRPD1_50119	0.0	3.0	0.0
SNRPD3_73037	0.0	0.0	2.0
SNX25_75069	0.0	0.0	19.0
SOAT1_41733	0.0	4.0	0.0
SOCS4_46220	0.0	2.0	0.0
SOCS6_50341	0.0	2.0	0.0
SOD2_59159	0.0	4.0	0.0
SON_24574	8.0	0.0	0.0
SON_72846	0.0	0.0	3.0
SORL1_44010	0.0	4.0	0.0
SP2_16940	2.0	0.0	0.0
SP2_16942	2.0	0.0	0.0
SP2_49488	0.0	2.0	2.0
SP2_49491	0.0	2.0	0.0
SP3_22387	3.0	0.0	0.0
SP3_52675	0.0	3.0	0.0
SP3_52676	0.0	2.0	0.0
SP3_71866	0.0	0.0	2.0
SP3_71868	0.0	0.0	3.0
SPAG9_69637	0.0	0.0	2.0
SPAST_20859	3.0	0.0	8.0
SPAST_20860	3.0	0.0	0.0
SPATA13_45469	0.0	2.0	0.0
SPATA5_74913	0.0	0.0	6.0
SPC24_19670	2.0	0.0	0.0
SPC24_19671	5.0	3.0	9.0
SPC24_19672	11.0	4.0	5.0
SPCS3_56904	0.0	7.0	0.0
SPCS3_75054	0.0	0.0	3.0
SPCS3_75055	0.0	0.0	2.0
SPCS3_75056	0.0	0.0	2.0
SPG7_48662	0.0	2.0	0.0
SPN_14408	7.0	0.0	0.0
SPN_48065	0.0	2.0	0.0
SPN_48066	0.0	7.0	2.0
SPRYD3_66126	0.0	0.0	2.0
SPTAN1_78499	0.0	0.0	2.0
SPTBN1_51925	0.0	3.0	0.0
SPTBN1_51931	0.0	3.0	0.0
SPTBN1_51932	0.0	4.0	0.0
SPTBN1_71277	0.0	0.0	2.0
SPTY2D1_43103	0.0	2.0	0.0
SQSTM1_58033	0.0	2.0	0.0
SRCAP_14531	2.0	0.0	0.0
SRCAP_68589	0.0	0.0	2.0
SRD5A3_74696	0.0	0.0	2.0
SRD5A3_74697	0.0	0.0	2.0
SREBF2_25666	10.0	6.0	8.0
SREBF2_54536	0.0	2.0	0.0
SRGN_4620	2.0	0.0	0.0
SRRM1_62901	0.0	0.0	2.0
SRRM2_47744	0.0	26.0	0.0
SRRM2_47746	0.0	2.0	0.0
SRSF2_17643	2.0	9.0	8.0
SRSF4_40253	0.0	415.0	0.0
SRSF4_964	2.0	0.0	0.0
SS18_18061	2.0	0.0	0.0
SS18_50155	0.0	2.0	4.0
SSH2_49104	0.0	2.0	0.0
SSR1_58108	0.0	2.0	0.0
SSR3_27749	5.0	0.0	0.0
SSR3_55770	0.0	18.0	29.0
SSR3_55771	0.0	2.0	0.0
SSR3_55772	0.0	7.0	0.0
SSR3_55775	0.0	5.0	40.0
SSR3_74141	0.0	0.0	3.0
ST6GAL1_55979	0.0	2.0	0.0
ST6GAL1_74361	0.0	0.0	2.0
ST6GAL1_74367	0.0	0.0	2.0
STAG1_27524	5.0	5.0	0.0
STAG2_79056	0.0	0.0	2.0
STAM2_52548	0.0	12.0	34.0
STAM2_52549	0.0	2.0	0.0
STARD7_71499	0.0	0.0	2.0
STARD9_67805	0.0	0.0	3.0
STAT1_52801	0.0	2.0	0.0
STAT1_52814	0.0	6.0	0.0
STAT1_71957	0.0	0.0	150.0
STAT1_71960	0.0	0.0	2.0
STAT3_16638	2.0	0.0	0.0
STAT6_44751	0.0	2.0	0.0
STAT6_44755	0.0	2.0	0.0
STAT6_44758	0.0	3.0	0.0
STAU1_53701	0.0	2.0	0.0
STIM1_5790	2.0	0.0	0.0
STIP1_43420	0.0	2.0	0.0
STK10_57925	0.0	5.0	0.0
STK10_57927	0.0	2.0	0.0
STK10_57928	0.0	2.0	0.0
STK4_24014	2.0	0.0	0.0
STK4_53606	0.0	3.0	2.0
STK4_53607	0.0	16.0	0.0
STK4_72623	0.0	0.0	2.0
STK4_72624	0.0	0.0	2.0
STRN4_70351	0.0	0.0	6.0
STX7_33337	2.0	0.0	0.0
STX7_33342	2.0	0.0	0.0
STX7_59022	0.0	2.0	0.0
SUPT16H_46001	0.0	2.0	0.0
SUPT16H_67115	0.0	0.0	2.0
SUPT5H_20432	2.0	0.0	0.0
SURF6_61737	0.0	5.0	8.0
SURF6_78568	0.0	0.0	2.0
SUSD6_67400	0.0	0.0	2.0
SUZ12_49135	0.0	36.0	11.0
SYMPK_18576	2.0	0.0	0.0
SYMPK_18579	3.0	0.0	0.0
SYMPK_18585	4.0	0.0	12.0
SYMPK_50701	0.0	3.0	0.0
SYMPK_50702	0.0	2.0	0.0
SYNJ2_76663	0.0	0.0	5.0
SYNRG_16440	2.0	0.0	0.0
SYT11_3055	6.0	0.0	8.0
SYT11_3057	3.0	0.0	3.0
SYVN1_6729	2.0	0.0	0.0
SZRD1_553	2.0	0.0	0.0
SZRD1_62811	0.0	0.0	2.0
TADA2A_16437	2.0	2.0	0.0
TADA2A_49211	0.0	2.0	0.0
TADA3_54733	0.0	2.0	0.0
TADA3_73387	0.0	0.0	2.0
TADA3_73388	0.0	0.0	2.0
TAF1_39058	3.0	3.0	2.0
TAF1_62243	0.0	2.0	0.0
TAF8_32636	2.0	0.0	0.0
TAF8_76247	0.0	0.0	3.0
TANC1_71765	0.0	0.0	2.0
TAPBP_32452	7.0	6.0	4.0
TAPBP_32454	5.0	3.0	4.0
TAPBP_32455	2.0	0.0	2.0
TAPBP_32458	9.0	9.0	2.0
TAPBP_32460	11.0	0.0	0.0
TAPBP_32464	5.0	3.0	0.0
TAPBP_32466	2.0	0.0	0.0
TAPBP_32467	2.0	0.0	0.0
TAPBP_32468	3.0	0.0	3.0
TAX1BP1_33975	5.0	3.0	0.0
TBC1D2B_13340	12.0	0.0	0.0
TBC1D2B_13342	2.0	0.0	0.0
TBC1D2B_47486	0.0	2.0	0.0
TBC1D2B_47490	0.0	2.0	0.0
TBC1D9B_58036	0.0	2.0	0.0
TBCCD1_74321	0.0	0.0	2.0
TCAF2_35164	3.0	0.0	0.0
TCAIM_26368	2.0	0.0	0.0
TCAIM_54960	0.0	2.0	0.0
TERF2_68817	0.0	0.0	2.0
TESPA1_8754	2.0	0.0	0.0
TEX264_55192	0.0	2.0	0.0
TFCP2_66121	0.0	0.0	2.0
TFRC_56033	0.0	2.0	0.0
THADA_21003	2.0	0.0	0.0
THADA_51846	0.0	5.0	2.0
THAP8_20309	2.0	0.0	0.0
THOP1_70564	0.0	0.0	3.0
TIAL1_42781	0.0	3.0	5.0
TIAL1_42783	0.0	2.0	6.0
TIAL1_42784	0.0	2.0	0.0
TIAL1_5482	2.0	0.0	0.0
TIAL1_64876	0.0	0.0	2.0
TIAL1_64878	0.0	0.0	5.0
TIAL1_64879	0.0	0.0	2.0
TIAL1_64880	0.0	0.0	3.0
TIGD1_72247	0.0	0.0	2.0
TIMELESS_44714	0.0	27.0	0.0
TLN1_61129	0.0	2.0	0.0
TLN1_61130	0.0	2.0	0.0
TLR10_74617	0.0	0.0	2.0
TM9SF4_23689	5.0	10.0	7.0
TM9SF4_72490	0.0	0.0	2.0
TMBIM6_66074	0.0	0.0	2.0
TMC6_49877	0.0	2.0	0.0
TMC6_49894	0.0	9.0	0.0
TMC8_49862	0.0	2.0	0.0
TMCC1_55589	0.0	2.0	0.0
TMED10_11793	2.0	0.0	0.0
TMED10_11794	2.0	0.0	0.0
TMED10_67507	0.0	0.0	7.0
TMEM109_6484	3.0	2.0	3.0
TMEM14B_31803	2.0	0.0	0.0
TMEM154_56797	0.0	2.0	0.0
TMEM168_77249	0.0	0.0	2.0
TMEM170A_48562	0.0	2.0	0.0
TMEM170A_48563	0.0	2.0	0.0
TMEM19_44904	0.0	2.0	0.0
TMEM19_66300	0.0	0.0	5.0
TMEM19_9072	5.0	9.0	0.0
TMEM19_9073	3.0	7.0	26.0
TMEM19_9076	3.0	0.0	0.0
TMEM209_35036	2.0	0.0	0.0
TMEM241_70083	0.0	0.0	2.0
TMEM241_70085	0.0	0.0	2.0
TMEM263_66454	0.0	0.0	18.0
TMEM30A_76358	0.0	0.0	2.0
TMEM63B_58660	0.0	3.0	0.0
TMOD3_47163	0.0	3.0	0.0
TMOD3_47164	0.0	2.0	2.0
TMPO_45009	0.0	49.0	0.0
TMPO_45011	0.0	2.0	0.0
TMPO_66387	0.0	0.0	2.0
TMPO_66388	0.0	0.0	3.0
TMPO_9257	252.0	27.0	4.0
TMPO_9258	51.0	67.0	0.0
TMPO_9259	2.0	5.0	6.0
TMPO_9261	2.0	0.0	0.0
TMSB4X_61889	0.0	4.0	0.0
TNFAIP3_33399	2.0	0.0	0.0
TNFAIP8L1_51111	0.0	2.0	0.0
TNFAIP8_30631	4.0	0.0	2.0
TNFAIP8_30632	3.0	0.0	2.0
TNFAIP8_75533	0.0	0.0	2.0
TNFAIP8_75535	0.0	0.0	3.0
TNFRSF10B_60298	0.0	3.0	0.0
TNPO3_35022	2.0	0.0	0.0
TOP3A_16042	64.0	3.0	0.0
TOP3A_16044	7.0	0.0	2.0
TOP3A_16045	2.0	0.0	0.0
TOP3A_69241	0.0	0.0	2.0
TOP3A_69244	0.0	0.0	4.0
TP53BP1_12632	2.0	0.0	0.0
TP53BP1_47080	0.0	30.0	0.0
TP53BP1_47081	0.0	2.0	0.0
TP53INP1_60627	0.0	2.0	3.0
TPCN1_45232	0.0	2.0	0.0
TPCN1_45234	0.0	2.0	0.0
TPI1_7952	56.0	0.0	0.0
TPMT_31868	4.0	0.0	0.0
TPMT_58180	0.0	8.0	0.0
TPMT_75973	0.0	0.0	2.0
TPMT_75974	0.0	0.0	11.0
TPX2_23677	2.0	0.0	0.0
TRAF4_16191	3.0	4.0	5.0
TRAF6_65167	0.0	0.0	2.0
TRAF7_13814	2.0	0.0	0.0
TRAM1_36078	44.0	2.0	51.0
TRAPPC11_56916	0.0	2.0	0.0
TRAPPC11_75061	0.0	0.0	2.0
TRAPPC13_57185	0.0	2.0	0.0
TRIP12_72157	0.0	0.0	2.0
TRMT2B_39179	3.0	0.0	0.0
TRMT2B_62300	0.0	2.0	0.0
TRMT2B_62301	0.0	2.0	0.0
TRPC4AP_23766	4.0	0.0	0.0
TRPC4AP_23767	11.0	9.0	5.0
TRPC4AP_23768	7.0	3.0	3.0
TSC22D4_59824	0.0	2.0	0.0
TSC2_13810	2.0	0.0	0.0
TSPYL2_38871	2.0	0.0	0.0
TSPYL4_33221	10.0	4.0	6.0
TSPYL4_33222	2.0	4.0	6.0
TSPYL4_33223	2.0	0.0	0.0
TSPYL5_60633	0.0	3.0	0.0
TTC12_43875	0.0	2.0	0.0
TTC12_65657	0.0	0.0	2.0
TTC31_21469	3.0	0.0	0.0
TTC33_29937	7.0	0.0	0.0
TUBA1B_8466	2.0	0.0	0.0
TUBB4A_19392	2.0	0.0	3.0
TUBB6_50082	0.0	4.0	0.0
TUBB_32109	2.0	0.0	0.0
TWNK_42623	0.0	2.0	0.0
TWNK_64750	0.0	0.0	2.0
TXLNA_1033	2.0	0.0	0.0
TXLNA_1041	5.0	8.0	0.0
TXNDC15_30860	3.0	0.0	2.0
TXNDC15_57639	0.0	2.0	0.0
TXN_37644	2.0	0.0	0.0
TYK2_19590	2.0	2.0	0.0
UBA1_38740	6.0	0.0	4.0
UBA1_62047	0.0	6.0	0.0
UBA5_55611	0.0	2.0	0.0
UBAP2L_63778	0.0	0.0	3.0
UBB_48961	0.0	7.0	0.0
UBE2G1_48762	0.0	480.0	0.0
UBE2J1_58840	0.0	356.0	0.0
UBE2J1_76422	0.0	0.0	2.0
UBE2N_44956	0.0	4.0	2.0
UBE3A_46900	0.0	74.0	0.0
UBE4B_3145	4.0	4.0	0.0
UBE4B_63831	0.0	0.0	11.0
UBE4B_63835	0.0	0.0	2.0
UBR1_47065	0.0	2.0	0.0
UBXN4_22072	2.0	0.0	3.0
UBXN4_71713	0.0	0.0	4.0
UGCG_61456	0.0	2.0	0.0
UGGT1_71661	0.0	0.0	2.0
UHMK1_41617	0.0	25.0	25.0
UHRF1_51120	0.0	2.0	2.0
UHRF1_51121	0.0	3.0	0.0
UQCRFS1_50410	0.0	69.0	7.0
URB2_39970	0.0	2.0	2.0
URB2_39971	0.0	2.0	0.0
USO1_28940	2.0	0.0	0.0
USP14_17856	2.0	0.0	0.0
USP4_26640	2.0	0.0	0.0
USP5_65867	0.0	0.0	2.0
USP5_7949	6.0	5.0	2.0
UTP25_135	3.0	0.0	3.0
VAPA_70044	0.0	0.0	2.0
VCP_37090	9.0	6.0	2.0
VCP_61107	0.0	2.0	0.0
VEZT_66360	0.0	0.0	2.0
VGLL4_73410	0.0	0.0	4.0
VHL_26008	3.0	0.0	0.0
VHL_26009	2.0	0.0	0.0
VHL_73403	0.0	0.0	5.0
VIRMA_36229	2.0	0.0	0.0
VOPP1_34259	3.0	2.0	0.0
VPS11-DT_ENSG00000271751_7597	2.0	0.0	0.0
VPS18_12516	7.0	5.0	3.0
VPS41_59455	0.0	2.0	0.0
VPS41_59457	0.0	2.0	4.0
VPS53_68990	0.0	0.0	3.0
WASF2_62952	0.0	0.0	2.0
WASF2_62953	0.0	0.0	4.0
WASF2_852	7.0	0.0	0.0
WASF2_854	3.0	0.0	0.0
WDR33_52445	0.0	2.0	3.0
WDR47_40998	0.0	2.0	0.0
WDR47_63509	0.0	0.0	2.0
WDR6_26594	5.0	0.0	0.0
WDR6_55115	0.0	2.0	0.0
WDR6_73639	0.0	0.0	2.0
WIPF1_22398	4.0	0.0	0.0
WIPF1_22399	2.0	0.0	0.0
WIPF1_22400	4.0	11.0	4.0
WIPF1_22401	2.0	0.0	0.0
WIPF1_22406	7.0	5.0	2.0
WIPF1_22412	2.0	0.0	0.0
WIPF1_52689	0.0	5.0	0.0
WIPF1_52694	0.0	3.0	0.0
WIPF1_52695	0.0	5.0	4.0
WIPF1_52701	0.0	2.0	0.0
WIPF1_52702	0.0	2.0	0.0
WIPF1_52704	0.0	2.0	0.0
WIPF1_71877	0.0	0.0	2.0
WRAP53_69138	0.0	0.0	3.0
WSB1_49028	0.0	2.0	0.0
WWP2_48490	0.0	2.0	2.0
WWP2_68819	0.0	0.0	2.0
WWP2_68821	0.0	0.0	3.0
XIAP_39363	2.0	0.0	0.0
XIAP_62396	0.0	2.0	0.0
XIAP_79051	0.0	0.0	3.0
XIAP_79052	0.0	0.0	2.0
XPO1_52008	0.0	10.0	2.0
XPO1_52013	0.0	2.0	0.0
XPO1_71323	0.0	0.0	2.0
XPO1_71327	0.0	0.0	2.0
XPO7_35552	14.0	0.0	0.0
XPOT_44821	0.0	4.0	0.0
XRCC5_72089	0.0	0.0	3.0
YIPF4_20890	2.0	0.0	0.0
YLPM1_46521	0.0	2.0	0.0
YME1L1_42088	0.0	5.0	0.0
YME1L1_4236	3.0	0.0	0.0
YME1L1_64318	0.0	0.0	2.0
YTHDC2_30597	7.0	0.0	5.0
YTHDF3_36028	4.0	0.0	0.0
YWHAG_59663	0.0	2.0	0.0
YWHAG_59664	0.0	2.0	0.0
YWHAZ_36368	2.0	0.0	0.0
ZADH2_70288	0.0	0.0	2.0
ZBTB24_33168	2.0	0.0	3.0
ZBTB33_62377	0.0	4.0	6.0
ZBTB5_37198	2.0	3.0	0.0
ZC3H11A_3898	2.0	0.0	0.0
ZC3H11A_3899	2.0	0.0	0.0
ZC3H11A_3910	25.0	0.0	2.0
ZC3H11A_3916	2.0	0.0	0.0
ZC3H11A_3931	3.0	0.0	0.0
ZC3H7B_73239	0.0	0.0	2.0
ZDHHC20_10051	4.0	0.0	0.0
ZDHHC20_10052	3.0	0.0	0.0
ZDHHC20_10054	78.0	124.0	213.0
ZDHHC20_10055	2.0	0.0	21.0
ZDHHC20_10057	10.0	5.0	7.0
ZDHHC20_10058	16.0	38.0	51.0
ZDHHC20_10059	2.0	0.0	0.0
ZDHHC20_10060	5.0	8.0	9.0
ZDHHC20_10061	3.0	0.0	6.0
ZDHHC20_45457	0.0	2.0	0.0
ZDHHC20_45458	0.0	4.0	0.0
ZDHHC20_45459	0.0	12.0	0.0
ZDHHC20_45461	0.0	6.0	6.0
ZDHHC20_45462	0.0	2.0	0.0
ZDHHC20_45463	0.0	2.0	0.0
ZDHHC20_66722	0.0	0.0	2.0
ZDHHC20_66724	0.0	0.0	3.0
ZDHHC20_66725	0.0	0.0	2.0
ZDHHC20_66727	0.0	0.0	2.0
ZDHHC20_66728	0.0	0.0	2.0
ZDHHC20_66729	0.0	0.0	2.0
ZDHHC21_78026	0.0	0.0	2.0
ZDHHC24_43562	0.0	4.0	0.0
ZDHHC5_43311	0.0	2.0	0.0
ZFP30_20380	2.0	0.0	5.0
ZFP30_70946	0.0	0.0	3.0
ZFP30_70947	0.0	0.0	2.0
ZFP30_70948	0.0	0.0	2.0
ZFP36L1_11602	2.0	0.0	0.0
ZFP62_75900	0.0	0.0	2.0
ZFP62_75903	0.0	0.0	3.0
ZMIZ1_42417	0.0	2.0	0.0
ZNF121_51240	0.0	2.0	0.0
ZNF121_51241	0.0	5.0	0.0
ZNF121_70650	0.0	0.0	2.0
ZNF121_70651	0.0	0.0	6.0
ZNF142_72100	0.0	0.0	2.0
ZNF155_50657	0.0	2.0	0.0
ZNF155_50658	0.0	5.0	0.0
ZNF155_50659	0.0	2.0	0.0
ZNF207_16289	2.0	2.0	0.0
ZNF207_16294	6.0	4.0	5.0
ZNF207_49141	0.0	2.0	0.0
ZNF207_69324	0.0	0.0	5.0
ZNF217_53727	0.0	2.0	0.0
ZNF250_60912	0.0	2.0	0.0
ZNF252P_77956	0.0	0.0	3.0
ZNF252P_77957	0.0	0.0	2.0
ZNF252P_77958	0.0	0.0	3.0
ZNF266_19499	2.0	0.0	0.0
ZNF266_19512	2.0	0.0	0.0
ZNF266_51232	0.0	4.0	0.0
ZNF292_76411	0.0	0.0	2.0
ZNF320_50848	0.0	2.0	0.0
ZNF320_50849	0.0	2.0	0.0
ZNF320_70436	0.0	0.0	2.0
ZNF33B_4335	4.0	0.0	0.0
ZNF382_50463	0.0	2.0	0.0
ZNF385A_44631	0.0	2.0	0.0
ZNF407_18378	2.0	0.0	0.0
ZNF407_70285	0.0	0.0	3.0
ZNF407_70286	0.0	0.0	3.0
ZNF407_70287	0.0	0.0	2.0
ZNF426_51237	0.0	4.0	0.0
ZNF426_70649	0.0	0.0	8.0
ZNF431_20109	5.0	6.0	0.0
ZNF432_70417	0.0	0.0	3.0
ZNF432_70418	0.0	0.0	2.0
ZNF445_26375	2.0	0.0	0.0
ZNF45_50650	0.0	2.0	0.0
ZNF496_551	2.0	0.0	0.0
ZNF500_13962	12.0	7.0	2.0
ZNF500_13963	2.0	2.0	0.0
ZNF500_47802	0.0	3.0	0.0
ZNF555_70566	0.0	0.0	2.0
ZNF557_51175	0.0	2.0	0.0
ZNF557_70607	0.0	0.0	2.0
ZNF587B_70502	0.0	0.0	2.0
ZNF614_50824	0.0	3.0	0.0
ZNF619_54927	0.0	2.0	0.0
ZNF619_54928	0.0	2.0	0.0
ZNF619_73528	0.0	0.0	2.0
ZNF621_54930	0.0	2.0	0.0
ZNF623_77920	0.0	0.0	2.0
ZNF655_77151	0.0	0.0	4.0
ZNF655_77153	0.0	0.0	2.0
ZNF672_565	2.0	0.0	0.0
ZNF674_38714	2.0	0.0	0.0
ZNF681_50404	0.0	2.0	0.0
ZNF70_73004	0.0	0.0	2.0
ZNF70_73005	0.0	0.0	3.0
ZNF714_50387	0.0	5.0	0.0
ZNF736_59570	0.0	2.0	0.0
ZNF737_20094	2.0	0.0	0.0
ZNF737_20095	6.0	6.0	0.0
ZNF737_50385	0.0	4.0	0.0
ZNF765_18896	2.0	0.0	0.0
ZNF765_18899	2.0	0.0	0.0
ZNF770_12429	2.0	0.0	4.0
ZNF793_50541	0.0	2.0	0.0
ZNF799_51362	0.0	2.0	0.0
ZNF800_77274	0.0	0.0	2.0
ZNF813_50877	0.0	7.0	0.0
ZNF829_70930	0.0	0.0	2.0
ZNF83_18850	2.0	0.0	0.0
ZNF83_50839	0.0	19.0	0.0
ZNF845_50862	0.0	2.0	0.0
ZNF845_50863	0.0	2.0	4.0
ZNF845_70439	0.0	0.0	2.0
ZNFX1_24177	2.0	0.0	0.0
ZSCAN12_32012	3.0	0.0	0.0
ZSCAN16-AS1_32001	2.0	0.0	0.0
ZYG11B_63256	0.0	0.0	2.0
